x
6.9
6.9
0.49
0.49
0.49
7.77
0.49
0.49
25.81
9.09
3.45
12.41
1.46
2.92
0.73
3.45
3.45
3.45
3.45
3.45
0.49
0.49
0.49
0.49
1.31
0.65
0.65
0.65
1.31
3.27
0.65
1.96
0.65
0.65
0.65
0.65
0.65
0.65
0.65
0.65
0.65
0.65
1.18
1.18
1.18
5.88
1.18
2.35
1.18
1.18
0
33.33
27.27
59.09
0.49
12.5
2.38
58.33
28.47
1.94
0.49
13.64
2.27
3.85
76.92
31.58
81.82
13.87
14.29
50
2.27
2.27
33.33
11.11
50
28.57
54.05
78.95
0
77.78
0
0
80
66.67
65
64.29
16.67
30.77
80
66.67
35.29
19.05
75
0
41.67
0
66.67
80
57.14
33.33
50
33.33
2.44
36.36
59.09
45.45
50
9.26
27.27
2.56
75
75
11.11
0
50
26.67
7.69
20
13.33
28.57
12.5
12.5
6.25
2.08
42.31
11.54
7.69
25
0
8.33
66.67
25
12.5
1.12
88.89
23.08
23.08
7.69
2.56
15.38
33.33
8.33
20
50
33.33
33.33
6.25
3.13
9.38
0
0
9.38
3.13
54.55
9.09
27.27
9.09
50
1.85
3.7
5.56
3.13
15.63
3.13
3.13
3.13
3.13
0
2.56
0
7.69
39.29
2.08
3.13
50
3.85
11.54
3.85
3.85
14.29
14.29
28.57
14.29
0
2.7
1.2
1.2
11.11
44.44
2.41
1.2
1.2
2.41
14.29
13.33
6.25
6.25
7.69
3.64
1.82
10.91
42.86
14.29
75
2.25
3.37
19.1
3.7
7.53
26.88
4.55
16.67
4.17
1.12
12.36
2.63
73.68
7.32
17.07
0.81
12.5
94.44
1.2
5.88
1.82
10.91
7.14
15.05
22.22
9.09
9.09
14.29
46.15
1.39
2.78
2.63
0
2.78
6.67
2.78
2.78
1.92
1.92
1.92
34.43
11.48
22.73
71.43
50
11.11
22.22
22.92
10.42
2.08
2.08
8.33
27.08
2.08
16.67
16.67
6.25
6.25
6.25
12.5
3.57
84.62
0
6.25
21.88
9.38
3.13
20
36.84
23.68
2.63
41.94
5.26
38.89
4.17
1.39
1.39
3.85
3.85
3.85
3.85
3.85
3.85
3.85
7.69
4.49
4.08
1.08
1.08
40
8.33
2.63
2.63
2.63
10.53
0
1.92
1.92
3.85
1.92
1.92
1.92
1.92
3.85
3.85
33.33
2.78
3.28
13.11
4.92
16.39
93.75
1.64
1.64
3.28
31.82
31.82
4.55
1.64
3.28
51.81
9.64
3.61
8.43
3.61
33.33
8.33
5.88
11.76
6.25
80
26.32
50
90.91
3.45
1.2
2.41
3.13
6.25
10.53
0.81
8.94
8.33
16.67
8.33
16.67
1.02
6.25
5.56
2.78
5.56
57.14
5.56
9.76
1.82
2.04
2.86
2.86
2.86
0.81
2.86
2.86
1.02
12.5
14.29
3.85
23.08
6.25
6.25
2.86
2.78
1.02
1.02
2.04
1.39
30.56
1.82
6.25
6.25
1.02
1.02
2.78
2.78
1.02
1.02
2.04
2.04
1.02
4.17
33.33
3.13
3.25
2.44
0.81
4.88
0.81
2.78
3.85
6.25
28.13
3.13
3.13
1.2
1.2
1.2
1.2
23.33
5.45
1.82
4.55
4.55
0.81
4.55
2.27
2.27
11.76
5.88
61.54
14.55
4.55
9.09
25
1.02
1.02
1.02
1.02
1.02
1.02
1.02
1.02
18.52
2.15
3.23
8.33
4.17
4.17
25
4.17
42.86
12.5
2.78
4.17
8.33
1.39
33.33
8.33
2.78
2.7
3.61
1.2
30
1.82
27.27
0
2.86
1.12
2.25
2.86
2.63
2.86
5.26
1.92
66.67
0
5.56
3.85
6.25
12.5
6.25
9.09
0
93.94
28.57
52.63
5.26
31.58
37.68
6.25
12.5
2.63
0.73
9.86
15.49
2.82
7.04
7.04
2.82
1.41
2.82
2.82
1.41
1.41
5.56
11.11
2.82
1.41
7.14
12.5
25
21.43
14.29
1.85
28.57
82.86
5.71
31.43
20
11.43
5.71
2.86
8.57
5.71
2.86
4.76
4.76
10.53
63.16
15.79
4.55
12.5
12.5
12.5
18.75
2.33
2.9
0.72
0.72
11.59
2.17
79.07
0.72
23.91
3.49
4.65
4.69
1.56
59.38
6.25
6.25
1.16
1.16
8.33
41.51
11.11
1.2
1.2
2.63
0.49
0.81
11.11
1.67
2.19
19.05
8.06
1.12
1.92
50
20
30.19
3.77
35.48
3.23
6.06
3.03
3.03
0.97
2.27
2.27
1.61
1.61
4.84
1.61
1.61
1.61
1.61
1.61
3.23
1.61
1.61
12.9
2.27
2.27
3.33
1.67
11.67
3.33
28.57
14.29
3.85
4.76
9.52
1.46
7.14
2.63
2.27
0.49
0.49
0.49
0.97
0.49
1.67
1.92
1.92
50
6.25
4.76
1.2
1.2
3.13
1.39
6.25
8.33
91.67
2.78
2.86
2.78
2.78
6.25
1.02
0.81
2.78
2.41
1.2
3.33
1.82
4.55
4.55
6.82
3.13
3.13
3.33
1.02
1.02
1.02
1.02
1.02
2.04
3.06
1.02
14.81
1.08
1.02
1.02
1.02
50
2.7
1.2
2.63
2.86
2.86
1.92
0.49
0.49
33.33
3.85
6.25
0.73
0.73
0.73
0.73
0.73
2.86
7.69
33.33
33.33
58.33
16.67
6.38
2.13
2.13
10.64
12.77
12.77
2.13
4.26
2.13
2.13
2.13
4.26
2.13
2.13
33.33
66.67
25
25
25
25
50
25
20
9.09
72.73
9.09
1.75
9.09
5.88
5.88
5.88
52.94
5.88
5
5
11.76
62.5
71.43
18.75
0
5.88
2.5
10
7.5
5
2.5
25
0
2.5
2.5
50
11.11
1.98
3.96
0.99
0.99
12.87
1.98
8.91
5.94
4.95
6.25
44.44
33.33
12.87
17.65
8.91
2.97
0.99
14.85
1.98
1.75
0.99
33.33
44.44
11.11
0.99
1.98
2.97
0.99
1.98
0.99
0.99
0.99
0.99
0.99
50
10
40
2.5
5
15
0.99
6.25
6.25
9.09
0
0.99
10
4.55
23.53
5.88
11.76
5.88
5.88
68.04
1.03
1.03
2.06
70
1.03
3.23
22.58
1.03
50
0.99
1.98
12.5
0
28.57
12.5
55.56
50
11.11
66.67
11.11
11.11
12.5
62.5
25
11.76
50
25
25
25
25
6.38
5.88
6.45
33.33
11.11
12.5
72
40.63
45.24
21.88
30
33.33
33.33
23.08
7.69
85.71
20.83
13.33
50
1.39
44.44
0
5.56
28.57
50
50
25
50
25
25
25
0
60
35
0
25
15.38
7.69
7.69
15.38
7.69
15.38
20
40
50
50
12.5
12.5
12.5
12.5
30
10
33.33
3.23
3.23
0
3.23
33.33
16.67
16.67
50
3.23
0
0
0
0
40
60
0
0
0
10
7.69
33.33
33.33
0
0
66.67
0
0
20
33.33
33.33
5
30
20
13.33
6.67
13.33
50
0
5
5
0
10.53
5
36.84
5.26
15.28
6.25
25
29.17
4.17
8.33
26.67
6.67
0
0
0
50
50
25
25
25
25
21.88
11.54
7.14
18.18
9.09
10
50
66.67
50
0
50
0
50
56.25
90
66.67
66.67
50
10
10
60
10
18.18
9.09
45.45
80
20
69.23
30.77
66.67
33.33
3.13
20
83.33
83.33
4.17
80
77.78
3.7
11.11
15.63
20
73.53
14.29
7.69
25
50
9.38
15.79
42.11
63.64
26.32
18.18
52.63
5.26
26.32
2.38
40
14.29
66.67
1.39
14.29
14.29
16.67
0
2.5
5
5
0.99
0.99
0.99
14.29
70.53
1.05
1.05
2.11
92.86
11.11
2.94
2.94
0
5.26
21.05
1.05
9.47
30.77
50
50
3.13
2.94
50
33.33
33.33
0
36.36
50
0
33.33
0
66.67
16.67
16.67
23.08
9.09
0
22.22
9.09
44.44
0
93.33
6.25
33.33
11.11
22.22
22.22
5.56
27.78
7.14
20
33.33
3.13
3.13
15.38
15.38
7.69
4.76
3.13
9.09
33.33
4
0
0
0
8.33
91.67
8.33
0
0
0
37.5
50
0
50
50
0
33.33
66.67
0
0
0
33.33
1.85
7.14
2.63
33.33
0
83.33
75
25
0
0
0
50
50
25
83.33
16.67
33.33
8.33
8.33
8.33
0
50
16.67
0
0
11.11
0
0
0
0
10
14.29
50
71.43
14.29
80
11.11
2.78
1.39
1.39
1.39
2.78
1.39
2.78
6.94
0
0
7.32
33.33
12.18
10.66
2.54
0
50
0
7.1
1.09
16.67
16.67
76.92
15.38
0
42.86
20
60
70.18
14.63
9.76
2.44
4.88
17.07
0
0
33.33
55.74
63.64
5.88
16.67
25
50
11.76
37.84
85.71
0
20
40
70
71.43
33.33
40
66.67
72.22
2.22
75
82.35
19.89
25
12.5
0
4.76
56.25
57.14
11.27
23.94
36.36
11.46
10.42
5.13
9.09
21.74
1.52
8.12
13.71
0
33.33
51.25
16.25
9.38
4.57
1.02
1.52
0.51
0.51
2.03
0.51
0.51
0.51
18.92
0.51
0
0
0
0
0
85.71
33.33
4.17
16.67
4.17
7.69
4.17
14.29
25
57.14
5.56
5.56
25
25
6.25
25
25
4.17
11.11
11.11
5.56
0.51
0.51
0.51
30
10
50
25
14.29
50
50
0
14.29
12.5
37.5
25
12.5
12.5
0
14.29
14.29
50
50
25
11.11
0
13.33
10
3.33
6.67
28.57
25
50
77.78
11.11
3.33
3.03
21.21
3.03
9.09
12.12
6.06
3.03
3.03
3.03
3.03
0
40
20
20
28.57
6
17.24
37.93
3.45
0
0
0
0
0
66.67
0
50
7.69
0
0
0
0
0
0
0
0
0
0
0
50
33.33
50
69.39
0
66.67
33.33
61.9
66.67
20
0
0
0
0
0
20.31
0
2.3
1.15
5.75
1.15
2.3
1.15
1.15
1.15
8.05
2.3
1.15
5.75
3.45
1.15
1.15
2.3
14.29
28.57
88
4
4
50
25
0
17.65
11.76
11.76
5.88
5.88
5.88
5.88
3.45
2.3
1.15
1.15
1.15
2.3
5.88
1.15
1.15
5.88
4
1.15
1.15
4.6
1.15
1.15
1.15
1.15
1.15
1.15
1.15
1.15
6.67
5.88
17.65
1.15
20
20
0
9.52
4.76
4.76
0
0
33.33
33.33
33.33
0
0
50
50
16.67
16.67
16.67
0
20
6.67
7.14
26.67
7.14
20
20
5
33.33
66.67
33.33
9.09
9.09
9.09
18.18
9.09
9.09
0
12.5
12.5
12.5
12.5
12.5
12.5
33.33
50
55.56
11.11
11.11
25
12.5
12.5
12.5
12.5
12.5
50
1.56
1.56
1.56
1.56
1.56
7.81
1.56
0
12.5
37.5
12.5
50
1.56
1.56
1.56
1.56
1.56
1.56
16.67
50
16.67
5.88
16.67
50
5.88
50
66.67
16.67
16.67
75
20
40
50
50
50
25
25
50
33.33
66.67
50
16.67
0
25
33.33
33.33
16.67
25
0
25
50
25
50
0
4
0
0
16.67
16.67
25
25
0
16.67
83.33
33.33
66.67
16.67
20
40
2
37.5
12.5
12.5
0
0
0
40
20
40
25
25
1.56
1.56
0
1.56
20
0
50
0
25
0
75
16.67
16.67
11.11
1.08
0
6
2
4
2
2
4
4
2
1.56
1.56
1.56
1.56
1.56
1.56
66.67
33.33
66.67
14.29
57.14
2
1.08
20
20
2
0
50
33.33
20
16.67
75
0
71.43
25
3.45
3.45
3.45
3.45
3.45
0
0
20
60
20
20
40
0
20
60
0
0
20.43
1.08
1.08
2.15
1.08
2
2
2
4
2
6
2
2
2
2
2
2
2
0
5
10
10
5
1.08
35.71
14.29
7.14
0
3.23
0
66.67
40
33.33
0
20
0
0
0
60
0
0
0
1.08
50
0
50
0
10
40
10
10
2.78
44.44
2.78
50
50
50
25
9.09
7.37
3.16
1.05
3.16
40
1.08
50
0
3.16
0
2
0
11.11
4.35
47.83
17.39
0
50
50
0
1.05
1.05
1.05
1.05
0
0
33.33
83.33
16.67
0
3.45
1.72
25
37.5
5.56
5.56
7.69
0
1.72
1.72
1.72
1.72
77.78
55.88
50
32
66.67
8
33.33
71.43
28
50
71.43
14.29
75
25
20
16.67
50
25
25
4
20
20
0
3.49
0
80
5.26
3.7
13.33
66.67
33.33
66.67
0
50
33.33
66.67
33.33
0
45.45
18.18
9.09
0
10
0
10
83.33
16.67
0
1.45
2.17
1.45
0.72
0.72
10
1.56
1.56
7.14
7.14
14.29
42.86
7.14
0
0
0
66.67
0
0
0
33.33
50
0
0
50
4.35
2.38
4.35
0
0
0
0
0
14.29
0
25
5.88
0
66.67
0
50
33.33
0
0
10
40
1.39
0
33.33
16.67
50
0
33.33
0
50
0
66.67
50
0
0
0
0
66.67
0
0
0
0
12.5
0
3.45
1.15
46.67
13.33
50
50
6.67
6.67
0
4.17
0
50
50
6.67
0
0
50
22.22
9.09
14.29
0
0
50
0
20
14.29
0
0
50
0
66.67
0
0
10
0
23.81
0
11.11
50
0
0
0
10
16.67
0
71.43
16.67
16.67
16.67
11.11
50
50
25
12.5
40
11.11
5.56
14.29
5.56
5.56
10
10
5
50
5
5
5.56
5.56
0
0
0
0
0
0
11.11
0
50
0
0
16.67
80
80
1.15
4
0
50
5
0
14.29
28.57
50
83.33
16.67
14.29
0
4.76
28.57
76.92
22.22
20
17.65
23.53
0
0
0
5.88
50
28.57
0
14.29
0
40
51.04
20
33.33
12.68
4.35
0
50
2.94
8.33
0
0
0
0
0
16
75
5
2.17
0
0
0.65
20
2.17
12.5
62.5
14.29
14.29
2.86
1.79
1.05
2.78
3.23
4
77.78
12.5
0
1.79
0
50
66.67
50
50
0
0
50
33.33
1.08
40
0
50
0
0
50
50
7.89
0
14.29
0
4
7.69
1.05
50
20
1.08
1.08
0
0
40
11.11
16.67
66.67
16.67
0
50
1.07
4
4
8
18.18
92.31
25
25
25
80
20
0
47.62
66.67
14.29
14.29
14.29
28.57
50
66.67
75
25
25
0
50
4.35
33.33
14.29
14.29
50
0
4.55
4.55
4.55
4.55
10.53
5.26
0
30.77
7.69
7.69
0
2.08
2.08
6.25
10.42
0
0
40
1.89
25
50
25
20
0
0
0
0
0
0
66.67
40
0
52.17
0.79
0
2.5
0
0
25
25
0
0
0
0
0
14.29
0
11.11
0
0
33.33
0
50
1.59
33.33
33.33
0
0
0
0
0
0
0
0
50
0
0
0
0
0
3.85
52.63
0
66.67
33.33
3.13
0
0
25
4.35
78.38
71.43
50
9.62
30.77
25
12.5
12.5
30
0
50
33.33
50
0
0
20
0
0
50
12.5
25
20
17.39
4.35
4.35
50
33.33
33.33
33.33
33.33
20
20
4.35
10
4.35
4.35
0
9.68
5
10
25
25
3.23
12.9
33.33
66.67
33.33
50
6.67
12.5
3.33
3.33
0
5.56
5.56
14.29
7.14
26.32
25
12.5
60
75
1.89
0
16.98
70
5.88
6.67
6.67
7.14
3.7
42.86
12.5
4.76
4.76
50
1.72
3.57
28.57
3.57
85.71
40
60
50
33.33
0
7.14
7.14
14.29
75
0
11.11
50
50
25
50
0
33.33
13.33
6.67
6.67
12.5
6.25
7.14
20
10
10
10
20
20
20
20
25
33.33
22.22
33.33
33.33
8.33
4.17
33.33
4.17
0
33.33
66.67
4.17
12.5
23.08
7.69
7.69
7.69
7.69
2.56
20
20
20
36.36
9.09
73.33
47.62
4.76
0
11.11
7.02
85.71
60.66
5.56
0
13.33
44.62
4.3
5.88
3.75
1.25
1.25
5
1.25
13.33
4.76
4.76
13.33
6.67
23.33
3.33
0.54
0.54
11.29
1.61
0.54
33.33
0
33.33
0
0
0
0
2.15
1.08
11.27
8.45
5.63
1.41
4.23
7.04
1.41
1.41
1.41
5.63
66.67
9.09
9.09
9.09
28.57
14.29
0
28.57
3.51
8.77
4.92
1.64
1.64
3.28
9.84
6.56
3.28
12.57
3.83
0.55
1.75
0.55
8.74
0.55
21.67
3.33
14.29
50
1.75
50
40.54
8.11
2.7
2.7
1.67
1.67
3.33
11.67
11.11
33.33
12.5
0
1.75
2.78
12.5
3.13
2.7
16.22
3.13
9.38
6.25
5.41
2.7
2.22
2.22
4.44
50
2.22
0
5.21
1.04
2.08
2.22
6.67
6.67
1.75
80
54.55
10
3.33
6.67
91.67
11.11
22.22
11.11
86.67
14.29
33.33
3.13
6.25
9.38
3.13
6.25
1.04
2.08
50
0
3.64
1.82
3.64
18.18
1.82
10.91
0
0
0
0
0
0
3.64
1.41
15.63
47.62
4.76
4.76
14.29
0
33.33
57.14
14.29
5.13
2.56
1.75
14.29
42.86
0
12.5
2.78
14.29
0
33.33
66.67
25
9.09
5.45
1.82
1.75
5.26
1.82
1.04
1.04
1.04
1.04
14.29
5.13
2.56
1.64
10
80
14.29
14.29
14.29
1.75
8.33
2.7
25
0
44.44
55.56
66.67
66.67
71.43
0
0
3.33
1.75
3.51
1.75
1.75
1.75
0
0
30.77
7.69
7.69
20
40
50
0
0
0
0
0
6.67
6.67
6.67
13.33
13.33
6.67
6.67
1.75
10.53
5.26
42.86
28.57
50
50
50
12.5
0
6.67
6.67
6.67
6.67
0
5.41
50
20
0
0
0
66.67
2.7
2.7
2.7
60
33.33
8.11
2.7
2.7
2.27
4.55
2.27
2.27
2.27
25
12.5
12.5
12.5
12.5
11.36
12.5
2.27
2.7
9.09
0
5.26
20
6.67
18.18
0
11.11
5.56
6.25
2.22
2.22
4.44
2.22
2.27
2.27
25
12.5
85.71
14.29
4.44
1.67
22.22
3.21
0.53
28.57
0.53
2.14
1.07
0.53
2.67
0.53
0
0
0
0
0
0
12.5
50
35.29
5.88
5.88
41.18
0.54
2.14
0.53
2.14
1.07
0.53
0.53
1.6
0.53
1.6
0
66.67
50
1.6
0.53
1.07
0.53
50
40
0.53
0.53
0.53
0.53
0.53
25
25
11.11
71.43
15.38
3.85
7.69
33.33
3.85
3.85
3.13
3.13
3.13
3.13
3.85
22.22
0
7.69
7.69
7.69
15.38
7.69
7.69
7.94
1.59
81.82
0
4.76
13.49
0.79
0.79
1.59
1.59
3.17
10.32
1.59
13.79
14.29
6.9
3.45
3.45
19.05
4.76
4.76
4.76
4.76
14.29
0
14.29
50
15.38
33.33
14.29
8
16
20
26.67
57.14
1.79
14.29
1.79
1.79
9.09
0
33.33
0
0
9.09
7.14
7.14
7.14
7.14
33.33
33.33
50
83.33
5.56
5.56
28.57
33.33
0
50
0
20
5.88
5.88
5.88
5.88
42.86
3.03
6.06
3.03
9.09
0.49
0.49
0.49
3.23
4.84
9.09
18.18
1.61
1.61
1.61
66.67
4.84
1.61
0.49
50
5.26
1.85
11.11
1.85
1.85
3.7
7.41
1.85
1.61
1.61
33.33
50
0
20
0
16.67
0
50
0
0
0
33.33
16.67
22.73
16.67
0
0
33.33
1.85
1.85
11.11
11.11
66.67
11.11
25
20
13.33
14.29
14.29
0
14.29
16.67
50
33.33
28.57
14.29
6.67
0
0
0
66.67
33.33
11.11
3.7
7.41
14.29
7.69
50
50
33.33
0
2.38
2.38
4.76
2.38
2.38
4.76
2.38
4.76
4.76
4.76
2.38
2.38
2.38
4.76
0
25
12.5
12.5
3.13
50
50
0
16.18
1.47
20
66.67
33.33
7.14
7.14
2.78
5.56
15
4.41
1.47
1.47
2.94
2.94
66.67
33.33
0
0
50
9.09
0
62.5
0
66.67
1.47
0
7.69
50
50
33.33
1.11
12.22
1.11
28.57
9.09
0
0
1.11
3.33
1.11
2.22
1.11
50
50
0
3.33
2.22
1.11
25
25
50
33.33
0
4.55
2.38
16.67
0
18.18
54.55
14.29
14.29
50
50
50
50
25
75
40
6.67
4.17
33.33
33.33
33.33
0
50
12.5
12.5
5
0
0
6.9
0
33.33
0
50
5.88
5.88
17.65
35.29
5.88
5.88
17.65
0
33.33
33.33
33.33
0
0
6.25
50
1.72
0
0
5.26
5.26
8.33
16.67
50
50
50
10
10
25
11.11
11.11
0
16.67
4.76
2.38
3.7
22.22
0
0
40
60
71.43
14.29
75
6.67
0
50
66.67
0
33.33
0
66.67
1.08
50
14.29
3.17
1.59
1.59
7.14
4.76
3.17
7.14
55.56
11.11
14.29
1.59
6.35
4.76
1.59
1.59
1.59
14.29
1.59
5.26
1.59
1.59
33.33
23.08
3.85
3.85
30.77
3.85
3.85
7.69
66.67
1.59
16.67
16.67
14.29
14.29
28.57
42.86
14.29
14.29
12.5
6.25
7.69
7.69
0
0
7.41
74.07
3.7
10.53
10.53
23.08
38.46
7.69
30.77
7.69
0
0
4.35
4.35
4.35
4.35
4.35
4.35
4.35
12.12
5.26
16.67
0
16.67
0
3.85
0
2.7
0
33.33
66.67
66.67
75
0
25
90
50
50
2.38
3.13
3.13
3.13
11.11
0
0
0
50
50
50
0
25
0
1.59
25
4
33.33
0
50
50
50
0
1.39
5.26
2.63
2.63
1.41
0.99
0.37
0.74
0.74
0.37
0.37
0.37
0.74
0.74
17.47
0.37
0.37
1.12
0.74
0.74
0.37
14.29
20
10
1.64
1.64
1.64
27.87
1.64
13.11
1.64
1.64
1.64
1.64
1.92
6.25
20
8.33
8.33
8.33
16.67
50
50
25
25
50
16.67
2.86
4.76
33.33
7.69
1.96
3.92
63.64
20
4.55
2.27
5.88
10
0
0
33.33
18.18
0
5.77
1.92
3.85
1.92
3.85
1.92
28.57
9.09
0
0
33.33
20
50
0
0
20
25
22.22
25
66.67
10
20
10
50
75
25
4.55
14.29
14.29
18.18
0
11.11
1.39
3.33
0
6.67
16.67
8.33
1.59
8
8
0.73
64.81
65.26
3.16
2.86
4.65
2.86
25.58
2.33
16.28
9.3
2.33
33.33
66.67
4.65
0
25
3.85
50
0
26.67
66.67
6.67
40
7.69
23.08
0
40
46.15
20
0.29
3.85
14.29
72.22
0
8.33
8.33
36.36
36.36
0
16.67
16.67
0
4.65
4
8
33.33
33.33
50
69.57
7.14
57.14
7.14
9.84
0
33.33
8.2
33.33
2.04
4.08
4.08
9.09
9.09
33.33
11.11
11.11
11.11
11.11
45
4.55
14.29
2.5
3.75
1.25
3.75
1.25
0
21.43
7.14
3.03
3.03
3.03
16.67
30
10
4.55
33.33
9.09
7.69
15.38
50
7.69
18.18
7.69
9.09
14.29
50
50
25
44.44
12.5
25
0
25
44.44
11.11
22.22
33.33
22.22
0
66.67
66.67
0
14.29
25
50
9.52
33.33
25
25
16.67
50
0
6.25
0
6.25
50
50
8.33
16.67
7.69
50
50
77.78
11.11
8.33
8.33
1.59
3.17
11.11
11.11
22.22
50
20
60
30
8.33
16.67
30
8.33
7.69
3.85
3.85
7.69
7.14
42.86
14.29
1.59
20
20
20
40
25
0
16.67
16.67
16.67
16.67
11.11
40
11.11
20
66.67
16.67
20
20
50
50
25
40
33.33
66.67
3.33
0
7.14
1.59
1.59
0
1.59
8.33
3.85
0
0
0
3.85
3.85
3.85
7.69
3.85
3.85
50
25
50
25
25
11.11
0
25
50
33.33
11.11
11.11
11.11
20
40
33.33
16.67
16.67
73.91
13.04
4.35
8.7
4.35
4.35
50
33.33
0
50
0
20
33.33
0
0
50
1.67
16.67
12.5
25
21.43
1.67
0
16.67
0
5
14.29
25
7.14
14.29
25
7.14
11.11
11.11
42.86
33.33
25
0
33.33
50
0
50
33.33
33.33
14.29
7.14
14.29
7.14
20
6.67
9.09
5.88
2.94
2.94
9.09
8.33
7.14
0
16.67
2.63
0
4.17
2.08
2.08
2.08
6.25
9.52
12.5
25
1.89
1.89
1.89
3.03
27.27
3.03
3.03
0
50
7.69
15.38
7.41
83.33
8.33
20
11.11
10
3.33
13.33
3.33
50
10.81
11.11
16.67
16.67
0
5.88
5.88
11.76
50
40
33.33
33.33
16.67
0
16.67
20
20
9.09
9.09
25
16.67
25
50
4.76
50
6.67
16.67
8.7
5
5
13.33
0
2.78
3.85
3.85
3.85
33.33
2
4.26
2.17
6.52
13.04
2.17
2.5
72.73
0.99
2.86
25
55.26
50
87.5
11.11
12.5
12
2.5
4.35
41.67
5.97
0.64
9.86
23.94
5.88
68.18
14.75
50
25
40
2.63
27.27
5.88
1.96
50
50
1.22
84.38
0
14.29
7.69
7.69
7.69
0
0
16.67
5.41
32.43
12
33.33
0
7.14
12.5
12.5
40
20
20
4.76
50
50
16.67
16.67
16.67
33.33
0
50
50
50
50
0
0
0
0
0
9.09
50
50
3.13
2.08
9.09
33.33
5
2.78
5.56
2.78
1.2
1.2
12.5
33.33
0
7.69
15.38
7.69
7.69
7.69
7.69
35.29
4.17
4.17
4.17
12.5
4.17
4.17
0
3.33
23.33
17.24
12.12
6.06
3.03
6.25
3.85
0
50
25
50
11.11
0
16.67
16.67
0
37.5
12.5
12.5
3.92
50
7.69
9.09
66.67
8.33
8.33
1.96
1.75
1.75
1.75
33.33
1.75
1.75
1.75
1.75
12.5
12.5
12.5
6.25
6.25
6.25
50
6.25
18.75
14.29
7.14
7.14
7.14
7.14
7.14
7.14
7.14
7.14
14.29
7.14
7.14
0
25
11.11
3.85
7.69
0
16.67
50
50
40
20
7.69
16.67
14.29
57.14
50
16.67
9.09
33.33
9.09
23.08
9.09
3.03
3.03
50
0
12.5
12.5
12.5
12.5
12.5
0
5
5
5
5
5
5
5
5
2.17
4.35
0
50
3.33
3.33
6.67
2.5
17.5
2.5
2.5
2.5
2.5
14.29
57.14
50
50
0
0
0
4.17
4.17
7.14
18.18
0
4.35
4.35
1.79
3.57
7.14
1.79
50
3.28
34.43
1.39
25
50
10
25
0
0
2.94
4.76
4.76
2.04
12.24
2.04
0
4.08
66.67
0
15.38
7.69
0
0.65
1.18
1.18
1.18
8.33
8.33
8.33
25
25
0
0
6.67
0
50
0
0
0
0
0
0
0
0
0
0
0
0
0
0
0
0
0
0
0
0
0
0
0
0
0
0
3.85
0
0
0
0
0
0
0
0
0
0
0
0
0
0
0
0
0
0
6.25
16.67
50
33.33
33.33
0
12.5
16.67
16.67
16.67
0
25
16.67
0
14.29
12.5
16.67
0
11.11
11.11
66.67
33.33
11.11
0
0
0
14.29
11.11
22.22
10.53
52.63
20
5.26
10.53
55.56
4.17
50
14.29
25
11.11
5.88
5.88
50
12.5
7.69
40
7.69
6.67
20
20
37.5
2.63
50
33.33
16.67
25
12.5
16.67
0
0
8.33
5.88
2.13
2.13
0.38
3.08
2.5
2.04
50
20
4.92
4.76
7.41
50
63.16
10.53
15.79
0
0
12.5
30
10
20
60
20
60
20
0
50
4.35
0
90.91
0
40
0
53.85
7.69
7.69
0
0
20
9.09
33.33
0
50
0
3.33
33.33
50
50
50
20
1.03
6.25
50
25
50
66.67
66.67
7.14
7.14
0
11.05
16.67
0.74
0
1.59
35.37
39.02
6.45
24
8.33
50
0
50
0
33.33
0
50
50
50
25
0
22.22
55.56
0
80
66.67
33.33
0
41.18
20
50
33.33
35.48
1.15
33.33
3.23
29.03
80.43
0.54
1.63
2.17
7.52
12.2
6.21
0.34
11.76
5.88
2.63
10.87
15.22
4.35
13
0.36
0.36
5.42
0.89
75
1.79
0.89
72.22
27.78
11.11
3.13
2.17
2.17
66.67
33.33
40
6.67
6.67
13.33
6.67
20
5.49
6.1
1.22
63.39
1.79
50
66.67
12.5
6.25
0.62
27.78
1.83
12.5
33.33
0.75
0.38
0
30
10
10
10
10
3.38
8.33
0.61
0.31
2.45
0.6
1.19
5.95
7.14
3.85
21.15
9.62
1.92
5.26
8.33
8.33
0
0
0
50
16.67
0
0
0
0
0
0
0
42.86
4.35
33.33
2.63
2.63
2.63
13.16
2.63
0
33.33
2.63
2.63
5.26
2.63
2.63
0
0
0
0
0.79
0
0
40
0
25
25
0
50
16.67
16.67
16.67
16.67
16.67
16.67
16.67
0
0
50
50
60
20
20
40
20
20
25
12.5
12.5
12.5
0
0
0
12.5
12.5
0
88.89
0
1.12
1.12
2.22
5.56
54.55
13.82
25
33.33
33.33
2.22
10
20
10
20
12.5
2.63
1.06
16.67
16.67
33.33
16.67
0
1.06
24.47
3.19
19.15
1.06
2.13
4.26
9.57
60.87
4.35
87.5
33.33
12.5
13.89
42.68
2.44
50
10
25
70.98
7.77
16.58
0.52
1.04
50
25
0
50
50
12.5
12.5
12.5
12.5
50
50
3.1
24.83
33.33
50
0
0
10.83
2.53
0.61
0.89
17.9
0.31
2.22
2.22
2.22
59.09
31.82
6.55
0.19
1.04
7.87
8.66
12.86
24.67
3.94
6.04
6.3
2.1
0.52
0.52
0.26
1.31
5
33.33
0.52
25
2.27
0.26
0.26
25
6.67
0.26
0.79
2.22
20
20
20
20
20
25
66.67
33.33
33.33
11.11
11.11
33.33
33.33
0
0.26
0.26
2.22
0
0
25
25
25
1.05
0.26
2.5
5
33.33
33.33
25
12.5
12.5
12.5
12.5
25
33.33
33.33
2.5
2.5
6.12
4.08
4.08
4.08
2.04
6.12
4.08
5.56
14.29
14.29
14.29
14.29
14.29
0
33.33
16.67
16.67
16.67
16.67
50
50
50
50
2.04
0.38
3.46
7.14
50
0
33.33
50
50
0
1.59
50
6.35
2.38
7.14
33.33
0.37
3.23
0
5.88
2.38
0.38
37.5
0.79
50
1.92
2.04
2.5
2.5
5
0
25
50
3.7
48.15
2.04
4.08
3.7
3.7
3.7
3.7
3.7
3.7
3.7
2.94
2.04
2.44
2.44
4.88
25
0
2.04
2.5
20
25
0.93
0
12.15
20.56
0.93
15.89
4.67
0.93
2.5
2.5
2.27
12.5
2.5
2.27
22.22
5.17
1.72
1.72
1.72
1.72
5
26.17
25
1.34
75
19.51
2.44
80
17.65
0
6.71
0
25
3.17
8.05
2.5
1.34
6.12
0
25
0
50
12.5
0
0
2.04
1.34
0.67
0.67
0.67
25
0.67
0.67
3.36
3.36
0.67
2.94
14.29
28.57
14.29
28.57
28.57
14.29
25
38.1
4.76
4.76
4.76
0
4.76
42.86
4.76
4.76
4.76
14.29
14.29
4.76
4.76
14.29
14.29
0
2.04
23.53
5.88
0
91.67
94.2
75
25
50
57.14
42.86
11.9
0
20
60
0
25
8.33
8.33
8.33
8.33
2.44
2.44
0
0.97
8.33
8.33
8.33
8.33
8.33
9.09
0.37
3.45
0.38
2.31
1.72
6.9
3.45
2.94
0.37
18.18
20
33.33
20
50
12.5
12.5
25
0
0
2.7
33.33
16.67
68.42
0.38
0
10.53
5.26
10.53
9.09
9.09
54.55
33.33
16.67
26.67
6.67
6.67
6.67
8.33
0.58
0
6.67
25
11.11
2.69
6.67
8.85
2.69
0.38
12.31
2.63
6.67
20
0
42.86
57.14
0
93.75
8.33
0
25
1.92
4
44.44
20
12.5
40
1.54
6.25
0.77
8.85
0.77
42.86
57.14
0
75
1.15
0.77
0
1.11
66.67
0
25
0.65
0.65
0.65
75
1.92
3.85
15.79
0
2.78
3.45
3.45
6.25
6.25
7.41
3.7
3.7
0.37
0.37
12.5
4.55
8.33
20.83
6.67
0.37
0.37
1.16
1.16
0.64
0.32
0.32
9.09
9.09
85.71
3.7
3.45
12.5
10
4.55
6.67
6.67
6.67
7.14
40
10
33.33
71.93
19.05
0.37
0.37
20
20
45.16
4.17
12.5
12.5
12.5
12.5
87.5
12.5
33.33
20
0
0
0
1.41
0
2.7
2.44
9.38
2.33
2.33
20.93
40
20
7.69
2.33
33.33
4.65
2.33
1.69
0
4.55
10
25
50
6.98
4.65
61.11
0
12.5
50
2.63
6.52
4
1.69
2.17
4.35
2.17
17.39
1.69
3.39
50
50
0
2.33
30.77
11.11
0
4
27.27
5.41
29.85
24
69.23
0
66.67
33.33
67.74
2.33
0
46.15
13.95
3.28
35.29
10.87
5.88
43.75
9.09
6.25
50
0
4.17
14.81
33.33
70.37
4.17
4.17
0
11.63
4.65
2.33
2.33
4.76
4.65
0
2.99
84
9.52
2.33
2.33
29.03
9.68
11.11
19.35
1.65
0.83
80
11.57
0.83
0.83
20
0.83
0
10
10
3.23
50
0
6.45
80
42.86
0
25
6.67
30
1.94
12.5
0
25
50
9.52
2.94
0.5
0.93
8.7
0.74
0.74
2.17
6.52
4.35
4.35
4.35
1.47
12.5
0.74
2.17
2.17
2.17
2.17
2.01
0
0
3.23
6.45
4.03
0
50
0
0
0
0
50
9.09
50
50
33.33
66.67
0
0
0
0
0
0
11.11
14.29
7.14
0
84.62
0.67
20
50
50
0.67
81.25
50
0.74
8.33
0.74
0.74
0.74
32.35
0.67
0.67
0.67
0.67
0.67
0.67
0.67
0.67
0.67
50
0.74
1.47
0.74
0
2.5
2.5
33.33
33.33
33.33
33.33
10
16.67
0
0
8
0
0
2.5
13.1
12.5
2.38
1.19
1.19
1.19
9.09
1.19
3.57
1.19
7.14
4.55
3.25
0.65
1.19
1.19
0.65
11.04
0.65
7.79
12.34
2.22
10
1.19
25
50
25
25
25
25
3.57
25
25
25
25
25
25
1.19
25
25
25
25
15.79
5.26
5.26
64
10.81
2.7
5.26
13.51
25
5
15
20
5
10
0
2.24
0.45
0
1.79
0.9
1.35
1.79
1.35
1.82
20
0.9
0.45
0.45
3.14
0.9
4.76
11.11
4.76
50
0.67
0.9
0.45
4.76
0.45
0.29
0.45
0.67
0.67
0.67
1.35
0.45
0.45
0.45
0.45
3.33
58.21
1.49
16.42
63.64
3.33
2.27
47.73
25
33.33
66.67
0.67
1.12
50
1.82
0.37
5.45
0.37
0.93
1.82
0.19
0.19
9.52
0.37
0.37
0
9.52
20
0.19
3.7
7.41
7.41
1.87
0.37
0.19
22.63
0.26
0.56
12.73
2.63
33.33
5.45
0.19
0.19
1.82
3.64
0.19
0.37
0.19
0
0.16
7.69
0.62
27.27
0
27.78
36.36
4.76
4.76
66.67
22.22
0.16
0.79
5.56
1.82
0.26
5.45
1.82
33.33
0.16
0.16
0.31
16.67
16.67
33.33
16.67
16.67
0
4.76
33.33
0.93
1.59
0.62
0.47
0.79
0.79
0.79
0.16
0.45
0
33.33
1.05
0.93
10
0.93
5.88
53.33
0
0
1.82
1.82
7.14
33.33
16.67
16.67
16.67
11.11
16.67
14.29
14.29
0.78
20
10
8.33
11.05
8.33
0
0
1.47
25
0
2.24
0.52
3.52
26.05
5.45
1.82
6.98
1.16
1.82
1.82
1.82
4.47
5.81
1.82
0.26
1.16
1.58
28.57
0.53
3.14
0
3.23
41.86
46.82
10
0
3.23
7.69
0
3.23
1.82
1.82
30.77
1.82
1.82
1.82
1.82
3.64
2.86
70.97
7.69
1.82
4.44
2.22
7.69
38.46
7.69
6.67
50
1.59
1.72
1.82
0.79
50
4.65
84
2.13
2.78
1.69
1.79
0.45
0.53
0.26
3.23
3.23
3.23
0.26
1.58
28.57
14.29
0.37
10
1.05
0.53
0.53
2.94
0.26
3.42
0
7.14
14.29
11.76
0.26
32
4
0.26
0.16
1.24
1.09
0.65
0.16
0.16
3.11
5.84
11.04
1.95
3.26
0.54
2.26
32.33
1.09
4.51
0.26
5.98
6.15
15.38
1.54
16.67
10
0.26
0.26
0.53
4.62
0
50
16.67
0.79
16.67
0
9.38
12.5
2.11
7.14
13.41
3.05
57.14
2.63
14.29
77.78
0.65
1.3
1.3
0.65
0.65
0.16
0.65
0.65
0.31
25
62.5
3.95
0.53
4.88
10.71
7.14
13.39
0.31
0.16
25
0.26
54.24
1.69
0.53
0.31
0.26
0.26
0.53
20
0.31
0.61
7.27
75.15
9.7
17.08
71.43
1.03
4
2.06
14.29
42.86
5.88
2.94
10.31
1.03
0
33.33
1.03
20.51
2.56
12
0
1.03
1.03
1.03
1.03
1.03
2.94
5.88
26.47
7.89
73.68
5.26
21.43
2.38
2.63
0
0
16.67
7.95
5.5
6.25
15.38
1.82
0.72
50.54
27.52
14.07
32.42
1
38.69
0.54
3.98
0.92
14.83
8.97
54.89
0.34
7.41
10.64
48.08
1.5
1.92
3.76
1.92
71.43
0.58
1.16
16.76
2.31
6.56
1.64
0
50
83.33
16.67
90.91
0
47.83
18.52
10.14
14.81
0.68
2.07
10.14
25.86
88.89
14.86
37.16
27.08
28.13
8.33
1.13
11.65
6.02
5.88
50
11.28
25
6.77
25
30.45
43.31
22.22
18.52
1.08
20
28.57
22.73
45.45
25
7.14
22.55
4.9
0.98
1.96
0.98
83.33
16.67
0
0
2.17
10.64
23.08
28.13
7.69
14.29
2.78
6.25
95.6
0.89
6.25
4.17
69.17
2.08
1.67
0.61
43.9
7.32
7.14
21.43
5.36
12.5
7.32
32.31
84.62
1.54
7.69
0.79
0.53
0.79
7.69
13.04
2.17
6.67
6.67
6.67
25
1.55
12.5
14.41
14.29
5.08
0.85
0.85
0.93
14.29
2.78
3.7
37.35
14.29
0.46
0.46
33.33
3.24
0.93
0.46
0.46
0.26
0
0.26
0
62.5
18.75
5.56
1.23
2.16
5.13
33.33
29.41
16.67
25
11.39
9.52
4.76
2.78
25
6.25
0.46
56.25
2.17
3.13
0.46
16.67
2.17
0.46
0.46
0.46
0
9.09
4.48
0.31
16.67
8.33
0
0
1.85
9.09
50
5.58
50
25
40
8.33
25
50
0.69
1.38
7.14
8.33
4.26
2.13
2.13
2.13
2.13
2.13
27.66
2.13
2.13
8.93
11.11
4.76
3.57
0
0
25
2.13
25
6.67
5.36
6.9
13.79
25
5.17
32.76
1.72
3.45
15.79
10
25.43
0.96
3.44
0.26
0.26
0
0.26
0
0
0.26
50
0
25
0
25
0.77
4.24
33.33
33.33
44.44
0.39
66.67
10
20
6.38
0.79
0.53
0.19
0.53
1.34
63.29
33.33
61.29
0.26
44.44
0.26
9.46
1.35
2.7
6.39
40.6
1.04
5.21
14.66
1.88
2.08
11.46
23.08
0.26
15.38
2.63
0
4.89
2.26
0.26
1.17
0.88
4.09
33.33
6.25
0.26
0.26
14.29
14.29
14.29
14.29
14.29
3.41
0.26
3.15
0.26
19.16
0.26
0.79
1.31
66.67
0.52
16.67
0.26
0.26
2.89
3.28
3.7
62.96
0
9.09
0.26
25
75
0.53
6.67
0.53
2.94
0.26
1.06
4.44
78.26
0.34
2.94
0.26
0.26
1.25
20
0.26
3.08
2.04
0.89
0.53
4
7.14
1.87
0
33.33
5.81
2.94
0
3.23
2.72
0.26
0.26
0.26
0.26
80
0.79
2.94
2.94
0.53
2.33
0
0
0.26
0.26
0.26
0.53
4.76
0.26
0.26
3.23
0.26
19.35
0.26
0.38
2.88
3.23
0.26
0.26
0.38
0.77
0.38
0
1.3
0.26
6.9
6.25
2.94
7.14
13.33
4.17
10.53
33.33
1.16
1.16
1.16
33.33
1.16
6.45
0.26
33.33
1.94
0.97
3.23
0
11.11
0
0
0.26
61.54
20
25
50
20.83
0.26
3.85
3.85
4.17
0.26
4.17
12.5
88.46
4
16.67
66.67
50
25
20
60
20
0
15.2
11.11
2.92
3.22
7.69
15.38
3.85
0
3.19
0
21.28
5.56
2.05
14.29
14.29
3.85
8.7
26.09
2.13
7.69
3.85
3.85
0
3.85
2.86
2.22
3.85
3.85
2.86
3.51
6.73
1.17
0
9.52
0
1.75
2.86
2.86
2.86
5.71
9.52
4
0
5.88
11.76
5.88
0
14.29
0.74
0
5.88
5.88
5.88
5.88
33.33
1.25
0.42
3.85
5.71
2.86
3.35
1.48
1.25
23.79
8
1.48
0.74
5.93
6.25
4.88
3.7
0.37
3.75
33.33
9.76
17.07
16.92
17.65
11.76
0.74
2.33
1.48
2.33
10
3.85
10
0.74
0.74
33.33
2.22
0.74
0.74
0.74
3.19
8.33
0
5.41
10
50
6.98
44.19
7.14
2.33
92
2.33
4.65
2.33
19.57
45.65
14.29
42.86
78.69
0
0.95
8.7
7.43
0
4.35
11.11
11.11
11.11
11.11
11.11
11.11
11.11
11.11
11.11
11.11
11.11
33.33
9.09
0
1.84
12.5
35.44
9.09
2.7
2.7
0.74
0.74
2.7
8.11
0.37
0.37
9.56
53.85
16.67
9.3
0
11.11
9.09
13.04
3.88
1.43
1.43
7.94
50
6.67
12.94
9.09
7.69
16.67
4.76
16.67
16.67
33.33
0.79
16.67
22.81
16.02
2.38
50
60
6.25
18.75
57.14
62.5
50
16.67
4.35
12.5
0.56
1.68
8.33
0.84
2.94
0
16.67
0
24
4
1.27
4.76
11.39
1.82
0
0
5
25
9.26
80.77
2.2
3.39
7.91
10
0
50
14.29
7.69
9.09
33.33
2.31
0
60
33.33
6.25
0.78
0.78
3.1
0.78
1.59
1.59
1.59
28.85
20
60
1.55
0.78
3.45
0.78
5
2.78
10
7.41
1.59
93.33
0
83.33
46.34
50
50
25
6.67
33.33
10.71
50
36.36
18.18
14.29
0
9.09
2.44
2.44
3.57
10.81
20
75
19.05
62.5
0
0.67
12.5
25
50
60
16.67
33.33
50
11.11
0
0
25
6.82
3.35
16.67
0
50
50
0
50
10
11.65
0.97
7.63
0.97
1.94
10
40
20
34.95
1.34
4.85
2.2
8.33
1.12
0.67
1.86
5.58
0.67
0
22.22
0.67
4.17
0.76
2.92
4.39
0.76
6.14
1.17
6.71
0.29
10.69
0.88
0.76
1.17
3.51
1.75
2.44
10
10
8.05
9.36
3.22
0.29
1.46
0.88
3.22
2.34
1.92
0.67
0.58
1.17
7.06
1.12
0.88
13.38
0.58
3.51
0.29
21.15
0.29
0.58
1.17
0.58
0.58
1.17
0.29
0.29
1.75
0.29
0.29
1.92
11.11
11.11
3.8
9.65
20
0.56
20
1.17
13.33
0.58
2.05
25
66.67
25
6.25
3.72
18.75
1.49
0.74
4.17
45
0.37
0
13.64
0
0
2.22
11.76
4.17
2.08
2.08
4.37
10.42
2.08
6.25
1.06
0.37
1.12
0
2.08
26.09
3.63
33.65
6.73
4.17
2.08
20
2.08
6.25
9.09
20
2.08
0
0
34.78
7.25
1.45
1.82
0.58
0.29
2.34
11.11
4.76
5.88
9.09
4.55
0.88
37.5
25
3.85
0.65
0.65
0.65
0.58
0.29
0.88
0.65
0.65
1.85
0
0.58
1.85
1.17
0.65
3.22
7.41
1.85
2.13
0.65
3.7
1.11
2.22
20
0
0.29
0.29
0.58
0
2.34
37.7
3.06
5.15
34.02
6.25
45.83
5
5
1.83
33.33
2.08
2.08
2.08
2.08
33.33
4.17
8.33
8.33
1.16
16.28
1.67
2.33
2.08
0
33.33
4.35
2.08
0.61
2.33
5.88
0.37
50
8.33
31.76
0.58
47.06
20
21.05
10.71
1.79
8.93
8.33
15.79
0.37
0.58
5.26
0.37
0.37
0.37
12.5
1.67
2.68
85.71
9.41
0
41.94
3.23
50
41.67
0.34
4.48
3.72
25
0.89
17.91
28.36
80
10
1.49
8.96
68.42
1.92
0.32
9.09
1.28
18.18
4.49
1.28
5.45
0.37
2.08
0.37
8.33
5.26
0
6.45
11.9
0
0
16.36
0
5.26
15.79
5.26
6.09
0.87
5.22
2.61
61.9
1.74
5.56
4.17
0.96
56.36
0.32
3.53
0.29
0
0.32
25
26.32
50
78.79
13.33
13.33
6.77
1.59
12.03
1.16
2.78
0.32
44.44
11.11
0.29
19.63
25
41.12
60
0
37.5
12.5
3.57
4.44
11.21
8.77
1.75
1.61
25
2.22
25
10
2.82
42.86
12.79
14.29
5.81
2.82
23.68
0.29
5.26
46.15
1.16
4
7.69
15.79
4
4
4
4
4
33.33
66.67
60
1.54
3.85
0.88
1.52
2.13
2.13
2.13
0
5.88
9.76
1.22
4.26
2.13
2.13
4.26
15
1.17
3.45
4.24
7.37
66.67
1.92
55.81
3.23
50
7.14
10.71
7.14
3.57
3.57
46.67
3.45
83.33
20
2.38
8.33
44.44
0
1.22
61.67
60
12.5
1.67
19.71
20
25
7.02
0.99
4.17
1.46
8.33
6.42
12.5
12.5
4.55
12.5
4.05
2.44
7.14
20
20
26.83
50
7.14
14.29
2.44
50
28.57
0.26
0
1.43
6.25
4.29
14.08
25.35
97.03
2.92
6.25
6.25
6.25
12.5
3.38
25
37.5
3.57
1.79
70.59
50
50
20
4.17
0.34
1.01
0
20
8.82
0.98
10.81
28.43
50
8.33
11.11
18.42
7.02
12.5
20
7.45
50
7.69
6.62
4.76
4.39
78.95
40
16.67
3.85
2.63
2.63
25
0
25
25
50
4.17
2.63
50
1.1
0
22.22
2.08
2.08
2.78
0.58
10.74
0.83
2.63
1.04
12.4
0.83
25
9.92
33.33
33.33
1.72
9.52
30
10
85.71
33.33
3.45
6.05
3.23
7.69
4.88
5.88
0.83
11.11
38.89
8.33
2.78
0.58
40
0.83
0.83
0.83
0.83
0.83
10.19
0.83
9.27
1.65
2.63
15.79
0
0
75
57.14
7.14
21.43
2.7
0.83
0.83
0.83
4.96
1.8
0.9
37.84
0.9
14.41
29.84
4.55
0
22.73
33.33
0.84
0
5.56
2.05
4.17
0.9
3.6
0.9
0.9
8.82
0.29
1.75
2.38
4.97
0.56
33.33
0
66.67
5.95
0
2.78
0
5.95
1.19
5.56
2.78
11.76
0
1.19
50
16.67
33.33
83.33
20
25
13.33
16.67
1.19
2.44
1.19
2.38
50
1.65
12.5
25
18.75
48.44
1.56
5.88
50
11.76
17.65
3.13
5.88
2.38
1.46
21.59
0
1.03
2.7
0.9
1.8
0.9
42.62
1.06
1.85
1.59
3.68
90.91
0
40
20
20
17.65
20
9.09
9.52
26.19
2.38
2.38
2.38
22.22
3.7
48.15
0.78
0.53
10.32
0.53
0.26
1.32
0.26
0.26
2.65
10.53
3.44
0.79
0
3.7
11.11
2.38
0.53
0.66
3.17
0.26
0.53
0.26
1.59
0.26
0.26
0.26
0.26
0.53
0.26
0.26
0.26
0.33
0
3.85
0
0.33
33.33
1.47
3.7
50
7.41
11.11
0.33
7.14
5.26
18.42
0.33
50
2.94
9.52
2.94
14.29
10
1.85
0.53
1.75
20
86.67
0
10
4
77.78
12
2.63
2.63
2.63
1.43
5.26
89.13
7.89
58.33
0.16
2.17
0.29
10
10
10
0.53
0.53
1.43
1.43
0.26
0.26
0.53
0.26
0.79
0.26
0.58
0.26
1.06
4.26
0.26
27.03
0.26
0.26
2.99
2.99
5.26
8.47
0
14.29
50
19.35
71.43
0.53
0.26
0.53
0.53
11.76
0.84
21.85
33.33
33.33
4.55
0.9
0.37
3.36
0.29
0.26
0.26
0.26
0
36.36
50
0.29
0
0
0.4
3.23
50
0.4
0.4
0.81
0.4
0.93
32.77
3.36
5.88
0.84
0
38.1
4.76
1.49
1.68
0.84
0.84
0.84
4.76
35.71
0.84
43.75
2.92
0.84
0.84
0.58
7.14
11.11
9.52
4.76
8.33
14.29
44.44
0
21.21
50
76.19
4.76
9.42
21.97
1.01
0.84
6.05
0.16
0.26
0.26
0.45
0.45
0.45
0.9
2.69
1.79
0.45
0.45
0.9
0.9
0.45
0.45
0.45
2.69
0.45
0.45
0.45
0.9
0.45
0.45
0.45
0
10
10
20
10
0.45
27.27
9.09
1.12
0.45
0.56
0.37
1.35
0.45
0.45
0.45
1.12
0.37
0.56
2.05
0.56
1.87
0.75
0.9
4.66
0.37
2.24
0.9
1.68
0.56
8.4
33.33
0.75
33.33
0
0.37
3.54
64.71
2.05
0.19
0.56
14.29
0.37
0.19
0.93
0.37
0.19
0.19
0.19
0.19
0.19
2.13
0.19
1.68
0.19
0.19
0.19
0.19
0.56
0.19
0.19
0.19
1.85
14.81
7.14
0.37
0.75
0.19
0.37
0.37
0.37
0.19
0.37
0.19
0.37
1.12
0.19
0.75
0.19
45
0.37
1.49
4
0.19
0.19
0.19
0.75
0
0.37
1.82
3.64
4
2.94
1.82
2.94
1.85
8
24
64
12.5
0.37
0.45
0.75
25
0.45
0.45
0.45
1.87
0.19
0.37
0.19
0.19
1.12
0.19
15.91
0.56
0.19
0.37
0.19
0.19
4.55
0.75
0.19
14.89
11.36
0.37
0.75
2.13
12.5
0.56
0.75
0.19
75
0.19
6.38
2.13
0.19
0.19
0.19
0.37
0.56
0.85
0.19
0.19
0.19
0.19
0.19
0.19
0.19
0.19
0.75
0.37
0.37
10
5
28.57
0
33.33
0.19
0.19
0.19
0.19
13.31
3.7
0.19
0.45
0.29
73.33
0.19
11.32
7.14
1.89
7.14
3.77
8.33
13.21
0
0.19
0.19
0.37
1.31
0.19
3.23
56
6.45
28
0
13.33
0.58
2.05
0.88
4.97
1.75
9.38
3.22
0.58
0.29
6.25
0.19
2.34
0.19
4.39
0.19
0.19
0.37
0.19
0.19
0.29
0.19
0.19
0.19
0.19
0.19
0.37
0.19
0.29
0.29
11.11
11.11
9.68
14.29
0
8.7
14.29
3.03
33.33
0
47.06
63.64
60
40
13.11
4.92
37.5
42.86
62.5
50
0.88
21.05
25
5.26
0.16
0.16
5.26
0.31
0.16
0.16
0.16
0.47
0.93
0.47
0.16
50
0.16
0.16
33.33
33.33
0.29
0.29
50
14.29
0.19
0.19
0.31
0.31
0.16
0.16
0.16
0.31
0.16
1.4
0.47
2.27
0.31
2.17
0.31
0.47
0.16
6.06
0.16
0.16
0.16
0.31
0.47
0.16
0.29
0.47
0.16
0.16
0.47
0.31
0.31
0.47
0.16
0.78
0.16
0.31
5.88
0.16
0.16
0.16
5.88
0.31
0.62
5.88
0.31
0.16
0.47
0.16
5.88
0.16
0.31
0.16
0.16
0.31
0.16
0.47
0.16
0.47
0.16
1.14
0.47
0
81.82
5.88
9.09
9.09
75
5.88
8.7
50
63.41
0.37
12.2
9.76
0.62
0.16
0.47
0.62
0.16
5.88
5.88
0.58
1.49
0.16
0.16
0.16
0.93
0.31
0.31
0
0.47
0.31
0.47
0.31
0.31
0.31
0.31
0.31
0.16
30.56
0.16
0.16
0.16
1.24
0.62
25
0.47
0.16
0.16
0.16
0.16
0.16
0.16
0.16
0.31
0.16
0.16
0.16
2.8
14.42
3.85
10
22.8
3.28
0.16
0.16
0.16
0.16
0.16
0.31
0.16
0.31
0.16
0.31
0.78
0.31
0.62
0.16
0.16
0.16
0.16
0.16
0.62
0.93
20.93
1.74
3.49
16.28
0.58
75
1.09
2.05
0.16
0.16
1.71
1.24
0.62
0.16
0.58
10
0.16
0.16
0.58
0.62
0.31
1.16
0.16
1.16
0.58
12.5
12
4.76
71.43
0.16
0.16
0.16
7.38
0.82
0.47
0.16
0.31
7.38
0.16
0.88
0.29
0.31
0.16
0.29
0.16
0.16
0.16
0.16
0.16
0.16
0.85
7.69
4.76
4
0.31
0.31
0.16
0.16
50
50
0.47
1.03
1.03
0.31
0.16
0.31
0.58
0.16
11.11
11.11
0.16
0.58
3.09
0.16
0.16
3.85
65.71
0.16
0.58
0.16
50
0.47
0.16
0.16
2.86
2.86
2.86
1.03
0.29
0.29
0.29
0.29
7.02
14.04
19.05
23.81
0.16
0.78
0.16
0.16
0.16
0.31
0.16
0.16
0.47
0.16
0.16
0.58
29.51
9.09
66.67
0.16
0.82
0.16
40
4.76
0.47
0.16
0.16
0.62
2.17
0.16
0.16
0.16
0.31
2.86
39.58
0
0
2.46
0.82
0.82
0.31
0.16
0.16
97.37
2.63
0
78.72
4.26
0
12.5
1.17
0.29
0.31
0.31
33.33
25
2.13
2.86
0.16
25
1.16
0
1.82
14.55
0
0
1.35
50
18.18
12.5
4.17
31.82
34.48
16.67
28.57
6.9
0.74
2.96
0.85
50
50
0
33.33
33.33
4.76
7.53
19.7
4.55
7.58
1.52
3.03
0.85
0.74
0.74
2.33
3.64
7.27
54.55
18.18
9.09
16
8.25
1.03
2.67
3.09
60
30.67
20
1.03
0
0
40
2.88
12
0.29
1
0.29
4
50
22.39
16.42
8.96
0
0.16
0.16
0.16
50
0.16
50
41.67
1
1.03
2.06
8.33
1.03
1.03
20
2.06
4.76
2.94
0.98
0.98
31.11
15.56
11.11
66.67
33.33
2.54
4.92
8.22
6.56
1.64
0.68
1.64
0.85
0
0.85
0.85
1.96
0.68
0.85
7.84
5.88
33.33
52
4
0
4.55
4.55
33.33
22.22
13.64
2.38
7.14
2.38
10.81
50
50
50
14.29
4.76
7.94
14.29
6.35
3.17
5.56
20
66.67
4.76
2.38
2.38
5.45
0
1.82
1.82
1.82
1.82
3.64
0
1.89
33.96
9.43
59.09
50
2.08
6.25
11.11
1.89
0
0
0
9.52
14.29
14.71
1.96
0.98
2.94
6.12
1.35
4.76
0.85
0.78
0.98
2.33
1.96
0.98
7.12
0
66.67
33.33
10
2.38
33.33
2.26
1.69
5.08
1.13
1.13
1.13
10
7.14
1.59
0
6.8
2.04
1.03
2.06
23.13
16.67
3.7
0.68
0.74
0.74
1.36
0.68
0.74
0.74
1.36
0.74
0
8.24
0.79
4.52
14.29
0.79
5.08
14.29
50
0.56
0.56
0.79
50
50
4.76
50
19.12
10.29
14.71
8.82
0.56
2.82
1.13
2.26
5.65
0.56
2.26
1.69
1.69
0.56
33.33
0.56
0.56
10.81
0
0.56
0.66
2.7
1.99
0.58
5.41
2.7
8.11
10
83.33
10.71
16.67
10.71
20
16.67
16.67
1.13
1.69
0.56
0.56
18.18
1.03
1.03
0.29
1.89
0
1.13
2.7
50
0
28.57
42.86
0
7.14
14.29
2.7
0
0
3.03
16.67
8.33
8.33
8.33
25
0
0
1.64
1.79
8.93
7.14
16.67
20
11.76
20
10
16.67
1.64
1.89
5.88
5.88
35.29
5.88
5.88
50
0
10.53
5.26
5.56
0.16
0.16
0.58
10
1.99
1.32
0.29
0.66
1.32
1.32
0.56
0.66
14.29
0.66
0.56
25
5.26
14.29
0
21.05
15.79
7.55
1.89
85.71
7.27
1.39
0.46
1.39
17.59
24.07
0.46
17.65
13.4
10
9.09
16.36
27.27
5.26
3.57
2.38
2.38
2.38
1.19
2.38
2.38
10.91
1.82
1.82
3.64
1.82
1.82
1.82
1.82
3.64
1.82
5.45
1.82
14.55
15.79
10.53
5.26
16.36
10.53
5.26
11.54
10.53
0.29
1.06
4.26
5.26
10
0.46
1.64
1.49
0
1.06
1.64
1.06
0
3.19
33.33
50
1.06
50
0
5.45
50
1.82
5.33
5.56
2.67
1.33
1.82
2.22
15
15
1.82
5
3.77
5
0.51
1.89
5
5
5
10
11.11
9.52
2.44
25
1.19
0.17
2.31
18.18
10
0.35
45.45
4.48
50
28.57
14.29
14.29
46.67
6.94
63.89
18.18
8.33
2.7
26.09
1.05
0.17
3.85
0.58
0.35
40
0.35
0.35
0.7
0.17
1.92
0.17
9.09
0
20
20
0.17
9.09
0.7
33.33
33.33
0.52
1.82
0.17
0.7
0.17
0.17
0.35
0.83
0.17
1.57
0.17
0.17
0.83
0.7
0.52
81.02
8.33
10
7.41
14.81
5
12.5
11.11
11.11
50
2.78
2.78
2.78
2.78
5.56
2.78
2.78
2.78
2.78
2.78
2.78
2.78
2.78
2.78
2.78
2.78
2.78
2.78
2.78
2.78
2.78
5.56
2.78
2.78
0
0
0
1.43
27.27
40.54
0
1.61
50
23.08
46.15
7.14
14.29
83.33
0.37
0.37
3.57
4.76
1.05
1.05
1.39
14.29
1.39
0.46
14.29
14.29
28.57
14.29
25
7.69
70
80
50
20
71.43
0.84
0.84
3.36
11.11
11.11
4.55
4.55
4.55
4.55
4.55
4.55
2.78
75
50
0
4.55
4.55
33.33
8.33
8.33
50
1.69
11.11
14.29
66.67
0
33.33
0.29
0.29
11.11
11.36
57.14
7.41
0.58
33.33
0
66.67
40
0
0
0
66.67
44
4.17
9.28
50
0.32
5.77
50
50
1.85
0
0
12.5
25
12.5
50
50
50
20
6.67
6.67
42.86
14.29
12.5
12.5
7.14
12.5
2.86
40
0.58
0.29
0.29
5.26
30.77
0
10.53
15.38
7.69
20
0.29
10
10
10
33.33
16.67
36.28
6.67
53.85
10
11.11
1.11
1.11
7.69
3.23
15.38
1.11
7.69
7.69
1.11
20
20
20
20
20
3.23
70
10
66.67
50
11.11
0.56
1.87
0.37
0.37
0.37
1.12
15.56
20
16.67
0.56
0.75
0.19
20
0.75
0
0.16
0.37
0.16
2.05
0.37
0.75
0.93
0.19
0.37
0.19
0.56
1.31
50
20
1.16
0.37
0.37
0.56
2.7
0.37
0.37
25
25
25
0
20
31.08
0.93
8.11
4.05
0
0
0.19
0.37
50
0
0.19
30.77
12.5
38.46
0.37
0.19
0.19
0.64
3.21
0
75
25
11.11
38
11.11
1.35
1.35
1.35
1.35
10
4.05
0
52.78
5.56
10
1
7.69
2.94
0
0
0
18.18
4.55
3.57
50
9.09
23.53
12.5
64.29
12.5
14.29
57.14
0
16.67
50
85.71
22.22
14.29
62.5
1.35
1.35
4.05
54.55
1.35
50
0
50
16.67
68.89
0
75
72
3.7
25.93
37.04
3.7
7.41
5
53
5.88
66.67
40
33.33
33.33
2.78
1.39
20
0.46
20
0.46
16.67
1.39
0.46
8
25
50
50
4.55
14.29
16.79
44.44
50
0
0
33.33
20
4.48
15.96
1.06
20.21
50
50
1.46
4.76
50
50
2.13
4.26
3.19
0
40
37.01
7.87
11.11
22.22
11.11
1.49
4.48
5.97
2
1.49
2.99
0.79
3.94
0.79
4.55
0.79
1.69
1.69
1.69
10
1.35
50
16.67
50
10
11.11
5
25
5
10
5
5
20
5
1.04
37.14
22.22
5.71
3.7
2.86
11.43
19.23
14.29
0
40
80
61.29
50
50
1.75
49.12
10.53
7.02
1.75
3.51
1.75
1.75
1.75
92
15.38
3.85
1
1
36.36
26.67
1.35
15.79
10.53
1.35
3.7
33.33
0
25.93
5.56
11.11
0.86
4.17
2.59
0.86
22.22
11.11
12.07
27.78
1.75
33.33
2.86
66.67
17.24
14.29
50
27.59
3.45
5.56
5.56
20.69
3.45
16.67
14.29
18.18
0.37
0.19
0.19
0.37
0.37
0.19
0.37
0.19
0.19
0.19
1.12
0.37
0.19
0.37
0.19
0.19
0.37
0.19
0.37
0.19
0.37
0.37
0.93
0.37
0.19
2.33
2.33
2.33
2.33
2.33
2.33
2.33
2.33
2.33
2.33
2.33
2.33
2.33
2.33
2.33
2.33
2.33
2.33
2.33
2.33
4.65
2.33
2.33
2.33
2.33
2.33
2.33
2.33
4.65
2.33
5.56
33.33
2.33
33.33
2.33
6.9
2.33
2.33
3.45
2.33
2.33
5.88
2.33
2.33
9.8
2.33
2.33
4.65
14.29
2.33
2.33
2.33
7.84
1.96
5.88
1.96
12.79
23.26
25
1.16
6.98
6.38
2.13
20.61
8.33
2.78
0.76
17.27
0.76
0.91
0.76
1.53
0
6.11
5.45
10
10
35
9.09
5.34
5.26
0
4.05
7.14
0
36.36
87.5
12.5
7.14
50
2.7
0.86
50
1
9.09
0.96
2.22
13.33
0.64
3.05
0
1.64
0
2.91
0.97
7.77
0.97
0.97
33.85
0.97
4.85
1.54
8.74
2
0.97
33.33
0.19
1.31
0.19
0.37
0.19
0.37
0.56
3.85
2.94
33.33
66.67
50
0
1.6
0.32
11.54
3.85
31.62
3.92
3.92
1.96
1.96
1.96
3.92
1.96
1.96
1.96
1.96
1.96
7.84
3.92
5.88
1.96
40
1.96
20
6.25
1.25
1.25
12.5
3.23
3.23
10.53
10
10
12.5
20
12.5
12.5
0.37
2.5
0.19
0.19
1.94
0.19
0.19
8.75
0.37
0.19
0.37
0.19
0.19
0.19
0.19
0.19
0.19
0.75
0.19
0.19
0.37
0
0.19
0.37
0.19
0.93
0.37
0.56
0.56
0.56
1.94
0.56
0.19
0.37
0.19
1.96
3.92
9.09
7.35
1.96
0.19
0.19
2.21
0.56
0.37
0.19
0.37
0.37
0.19
0.19
0.19
0.37
0.19
51.72
0.37
0.37
0.19
0.56
0.56
0.19
0.37
0.19
0.19
0.37
0.37
0.19
0.19
0.19
0.37
44.83
0.19
1.25
0.19
0.37
0.19
0.19
0.19
0.19
0.56
4
0.37
4
1.47
0.19
0.19
0.37
0.75
0.19
4
0.19
0.19
0.19
0.19
0.37
0.19
0.19
2.21
0.19
0.37
0.74
0.37
2.63
14.29
2.86
1.25
20
3.45
0.78
16.67
40
0.78
15.38
1.59
0.32
2.33
4.65
2.33
2.33
2.33
0.78
7.75
0.74
0.78
0.74
0.74
0.74
0.74
0.74
6.98
0.74
1.47
5.32
0.74
0.74
0.74
0.74
1.47
1.47
0.74
1.47
2.88
1.47
1.47
0
14.29
2.62
1.59
3.17
66.67
33.33
25
25
25
25
25
0
1.55
8.33
25
10
5
33.33
0
14.29
12.5
9.09
18.18
4
9.09
2
0
9.09
9.09
9.09
0.97
28.57
12.5
12.5
28.57
0.37
25
12.5
12.5
12.5
14.29
3.21
0.74
0.37
0.96
1.47
1.47
1.79
2.94
0.74
10.71
4.88
37.8
3.66
10.98
7.32
6.1
17.86
6.25
0
20
3.85
0.78
1.22
8.33
0.97
8.33
8.33
20
33.33
16.67
0
75
7.69
7.69
23.08
50
50
20
1.16
3.21
0.96
1.28
2.33
50
20.21
0.19
0.19
0.19
0.37
1.06
0.19
5.32
1.06
0.19
0.56
0.19
0.19
0.56
0.19
2.13
2.13
0.37
0.19
0.19
0.19
0.19
0.19
0.19
0.19
0.19
1.06
0.19
0.19
5.26
0.19
0.19
0.19
0.37
0.19
1.16
33.33
0.19
0.19
0.19
0.19
16
1.06
4
8
0.19
0.19
0.19
0.19
4.65
0.19
0.19
0.19
0.19
0.37
0.19
0.19
0.19
0.19
0.37
0.37
0.19
1.16
5.26
3.49
1.16
1.16
25
50
3.57
4.17
4.17
42.86
7.14
71.05
5.26
0.78
0.78
7.89
0.78
0.78
0.78
0
0.78
40
4.65
42.86
28.57
14.29
14.29
0
28.57
25
50
1.94
0.96
3.1
0.78
5
2.5
0.32
2.22
1.11
37.78
7.14
8.89
4.44
3.33
7.78
5.71
2.86
16.67
2.86
2.86
1.11
2.86
2.86
2.86
87.5
6.25
5
10
27.27
5
5
5
5
0
0.32
0.32
1.82
1.82
10.91
1.82
5.45
1.82
1.82
1.82
0.64
10.26
0
20
5.56
33.33
0
5.56
28.57
0
50
50
50
50
50
14.29
2.5
2.5
2
2
5
19.05
2
2
2
9.52
1.37
6
22.22
4.76
14.81
23.81
3.7
11.11
10
10
62.5
3.7
5
3.7
12.5
3.7
2.5
2.5
66.67
2.5
2.22
2.5
2.22
2.22
10
10
10
33.33
7.14
9.09
4.55
50
5.56
14.29
28.57
14.29
14.29
14.29
50
2.5
1.06
0
15.79
0
7.69
7.69
4
5.26
2.63
2.22
2.22
0
12.5
12.5
1.28
33.33
0
7.14
5.26
36.84
5.56
5.56
0
2.78
73.68
2.78
5.26
8.82
0.74
0.74
0.74
0.74
1.48
2.22
5.93
22.22
0.74
0.74
0.74
11.11
12.5
12.5
33.33
75
30
0
16.67
75
29.25
5.26
33.33
40
8.82
20
2.94
10.53
13.33
52.94
29.41
5.26
8.14
5.26
6.98
5.26
42.11
4.65
1.16
1.16
2.94
2
2.94
11.36
18.18
11.11
2.27
22.22
11.11
50
11.11
20.45
11.11
66.67
2.86
2.86
3.13
3.13
2.86
33.33
0
8.57
50
2.86
2.86
2.86
1.16
0
0
25
33.33
22.22
75
25
10
40
6.25
12.5
1.06
15.38
23.53
24.32
7.41
3.16
15.38
3.92
1.96
12.5
12.5
12.5
12.5
12.5
1.85
12.5
85.71
14.29
60
0
0
16.67
12.5
8.33
20
20
47.62
57.14
4.76
30
47.37
5.26
10.53
10.53
17.65
5.26
11.76
12.5
2.08
2.08
1.53
0.76
0.76
0.76
50
0.76
0.76
0
0.76
33.33
11.54
33.33
50
50
2.78
1.43
1.43
33.33
33.33
33.33
33.33
0
0.32
3.57
0
22.22
3.7
16.67
1.16
1.16
1.16
2.33
2.33
1.16
2.33
4.55
2.27
2.27
2.27
1.16
50
5.56
5.88
11.76
3.7
8.33
3.7
3.7
20
7.69
0.64
7.69
8.24
15.38
2.24
0.32
15.38
0.64
0.32
7.69
0
3.03
66.67
0
50
66.67
33.33
78.57
22.22
1.75
7.89
2.63
9.62
21.05
15.79
5.26
2.63
2.63
32.69
1.92
2.63
5.26
3.92
2.63
12.5
37.5
37.5
2.63
2.63
8.7
33.33
23.08
23.08
7.69
18.18
9.09
7.69
7.69
0
50
50
50
75
20
1.85
2.44
0
16.67
18.18
16.81
4.55
9.09
10
4.42
50
0
3.49
14.29
20
2.36
9.09
7.77
9.09
0.76
6.67
0.76
2.5
0.34
3.7
11.11
10.53
1.85
0.34
12.2
50
4.88
1.11
46.15
7.69
0
2.44
33.33
10.87
53.33
0
0
3.28
25
50
30.36
5.36
11.54
17.86
1.52
33.33
19.7
1.52
9.38
6.25
8.33
40
6.67
33.33
9.09
9.09
50
50
4.55
16.67
4.76
4.76
8.33
8.33
50
6.67
5.88
2.44
5.88
2.44
0
8.33
0.16
23.08
14.29
0
11.11
16.67
2.27
50
84.62
50
33.33
0
7.14
0
50
0
16.67
25
50
61.11
5.26
20
20
28.57
6.67
0
50
21.43
7.14
4.76
50
5.56
2.27
8.7
42.86
28.57
14.29
16.67
25
0.64
40
85.19
0.85
23.08
1.85
50
50
70.73
0
26.32
60
16.67
5
69.23
16.67
69.23
8.33
50
15.38
33.33
50
1.92
1.82
3.85
0.75
7.69
0.75
1.5
16.67
14.29
7.69
25
25
0
0
50
50
0
0
14.29
50
0
50
5
50
5
5
11.11
60
66.38
40
0.16
0.16
0.16
15.38
33.33
11.11
4.55
27.27
1.85
1.85
3.7
9.26
1.85
7.69
11.11
1.92
0.16
4.55
1.52
0.86
9.09
6.03
2.88
0
0
0
0
11.11
5.56
5.56
11.02
5.08
1.69
3.39
3.13
3.13
33.33
6.25
5.08
5.08
3.13
6.25
3.13
3.13
3.57
17.86
0
0
33.33
1.79
66.67
66.67
1.85
24.44
2.22
9.09
6.67
4.55
13.33
29.63
3.7
0.75
0.19
29.63
1.85
0.75
25
3.57
0.75
50
1.79
3.7
20
25.71
14.29
3.7
0
0
50
50
12.5
5.56
5.56
5.88
11.11
5.88
7.14
0
7.14
50
25
0
0
0
0.19
1.12
12.5
0.19
0.19
0.19
0.19
0.37
0.19
0.19
6.67
12.5
87.5
75
66.67
16.67
4.24
7.14
7.14
14.41
28.57
7.14
28.57
14.29
71.43
11.11
7.14
5.56
4.24
7.14
7.14
0.19
0.37
0.37
3.39
4.24
0
14.29
14.29
81.82
25
71.43
0.19
21.43
7.14
80
16.67
5
2.5
0.19
12.5
1.25
3.03
6.54
1.87
25
25
25
25
33.33
33.33
33.33
7.14
1.25
7.5
1.25
1.25
1.72
0.86
4.31
0
2.59
11.76
5.88
5.88
41.18
3.33
5
2.5
5
2.5
2.5
1.25
10.08
1.55
0.78
1.55
2.33
0.78
0
0.93
0.93
0
20.59
6.78
61.02
0
1.47
5
1.69
5.56
8.33
5
5
5.56
5
5.56
5.56
2.5
9.09
0.19
0.56
0.38
19.44
16.67
2.78
0.19
2.78
2.17
0.19
0.19
0.86
0.19
0.19
0.19
0.19
0.19
0.19
0.19
0.19
0.19
0.19
0.19
0.19
0.37
0
9.09
9.09
0.86
0.86
66.67
5.26
4.92
16.67
16.67
16.67
16.67
16.67
16.67
0
19.67
29.63
0.19
0.19
14.81
5.56
0.19
0.19
1.85
0.19
0.19
8.33
11.11
2.54
10.64
6.38
2.13
1.64
11.11
0.85
0
0
7.14
0.85
19.44
0.85
4.44
2.22
2.22
2.22
2.22
2.22
2.22
0.85
22.22
4.24
0.85
2.22
2.22
2.22
2.22
2.22
2.22
2.22
2.22
2.22
2.22
2.22
2.22
2.22
2.22
2.22
2.22
0
4.55
10
11.11
2.78
11.11
5.56
36.84
2.78
2.78
5.56
0
37.5
57.14
14.29
12.5
7.14
13.04
7.14
25
30.19
7.69
1.92
7.14
7.14
0.96
0.96
3.77
9.09
4.55
0.34
5.88
5.88
20
11.76
5.88
5.88
11.76
5.88
5.88
5.88
3.85
24.24
3.03
6.86
14.71
13.73
3.03
5.88
5.88
5.88
12.5
1.69
5.08
0.42
1.69
0.85
3.03
3.03
3.23
6.45
0.85
1.69
1.69
11.54
3.03
3.03
50
25
12.75
6.86
0.19
0.19
0.19
0.19
0.19
0.19
0.38
0.57
0.38
0.85
0.19
0.57
0.19
1.69
0.38
1.69
0.85
0.85
2.94
3.92
3.13
9.09
18.18
10.53
54.55
9.09
12.28
33.33
9.09
1.75
1.75
1.75
60
10
10
10
20
19.05
2.38
2.38
16.67
16.67
16.67
33.33
11.76
0.19
0.38
0.57
0.19
0.37
0.19
0.19
0.19
0.19
0.19
0.19
0.19
0.19
0.19
12.5
0.19
3.13
0.19
7.69
6.25
0.19
0.19
0.19
23.08
15.38
7.69
0.57
0.19
6.62
0.19
0.19
3.13
8.09
0.19
0.38
0.19
0.19
0.38
0.19
0.19
0.38
0.19
0.19
0.19
0.19
0.57
0.19
7.04
0.38
0.19
0.19
1.41
0.19
5.15
0.19
0.38
0.64
0.19
0.19
0.32
1.41
0.32
80
0.32
40
0.32
0.32
0.32
23.08
0.32
12.5
1.28
0.64
11.76
5
5
5
5
5
5
12.5
20
0
10
0
0
0
5
5
5
10
0.42
0.85
1.69
3.75
0.42
0.19
0.38
0.19
0.19
0.38
0.19
2.44
0.19
0.19
0.19
25
12.5
12.5
5.71
0.85
2.21
1.47
1.47
1.47
33.33
16.67
8.33
45.83
2.94
4.17
2.94
8.33
18.18
9.09
18.18
27.27
37.5
3.41
1.14
1.14
1.43
8.62
1.43
1.72
24.14
25
0
25
1.43
1.43
1.49
33.33
0.32
0.32
1.49
1.49
3.85
4.17
3.85
3.85
5
5
5
5
9.09
4.55
4.55
0.74
1.49
0.74
0.74
11.3
2.82
10.73
0.56
14.29
5.88
5.88
1.49
1.13
33.33
0.56
7.5
5
3.85
0.19
0.38
0.19
0.57
0.19
25
0.19
25
0.56
6.78
2.04
25
4.55
13.64
16.67
16.67
0.56
16.67
1.13
3.03
0.56
0.56
0.56
0.56
1.13
3.03
0.56
15.38
0.56
0.56
0.56
0.56
25
8.33
16.67
8.33
0.56
8.33
0.56
0.56
16.67
8.33
8.33
8.33
8.33
50
20
41.18
47.06
0
10.38
0.94
9.43
1.89
13.95
33.33
2.33
18.6
2.04
1.33
3.13
5
5
33.33
2.04
0.38
0.38
0.38
33.33
0.85
0.74
0.94
0.74
0.74
8.33
7.69
5.56
19.44
16.67
2.27
7.95
2.27
0
11.36
4.55
66.67
33.33
18.18
60
50
72.73
16.67
50
2.04
2.04
50
25
50
0
33.33
33.33
20
10
10
10
50
0
0
0.74
0.74
1.47
3.64
0.74
5.71
0
0.75
4.65
6.98
1.6
0.64
1.6
0.32
0.32
0.32
0.32
0.96
0.32
17.65
0.32
0.32
0.32
0.64
0.32
17.65
17.65
20
20
40
20
0
0.85
11.11
11.11
11.11
11.76
0.85
0.32
0.32
0
0.19
0.57
0.19
1.37
6.85
4.17
0.19
0.76
0.68
1.7
0.68
0.19
0.19
1.33
0.32
2.05
0.95
6.85
0.95
5.48
0.19
0.95
3.22
0.57
2.74
0.38
1.37
0.68
1.37
25
5.88
5.88
50
25
14.29
20
40
20
6.25
11.64
0.68
0.68
0.68
11.76
2.94
60
2.33
1.64
1.41
1.41
3.85
6.52
5.56
2.82
29.49
5.26
7.14
35.71
28.57
14.29
40
1.41
1.41
1.41
1.41
23.81
14.06
2.38
27.27
6.25
1.59
0.19
0.19
6.25
0.19
0.19
0.19
0.19
0.19
20
0.98
0.98
0.98
7.69
7.14
7.14
25
12.5
5.56
5.56
5.56
5.56
20
5.56
5.56
5.56
5.56
5.56
5.56
5.56
20
2.22
1.06
0
33.33
6.25
11.11
2.78
14.29
33.33
33.33
2.78
66.67
0.19
0.38
80.95
9.52
0.19
4.76
2.13
7.45
1.59
1.56
9.38
20
5
15
5
30
5
33.33
1.56
1.56
16.67
5.56
5.56
11.11
16.67
13.24
4.41
25
1.47
1.47
2.94
4.41
66.67
1.47
1.43
0.38
0.57
26.19
5
8.82
2.33
2.33
0.98
91.67
5.88
30.95
1.96
0.98
5.88
5.88
2.38
0
0
37.5
50
33.33
2.7
2.7
5.41
14.29
12.5
50
3.65
5.11
1.28
5
8.33
4.55
13.64
4.55
4.55
4.55
9.09
29.41
4.55
4.55
18.18
9.09
2.38
36.36
9.09
4.55
16.67
33.33
44.44
7.45
2.38
33.33
5.56
1.06
3.19
7.14
15.38
7.69
38.46
12.5
12.5
6.1
25
0.19
0.19
0.19
0.19
0.19
1.46
0.19
2.19
0.19
0.19
0.19
0.19
0.19
13.33
0.73
0.19
5
0.19
6.67
6.67
33.33
0
13.33
6.67
9.09
0
14.29
75
3.03
0
0
8.33
50
0.73
16.67
5.56
12.5
4.17
26.67
9.52
30.77
23.08
0
33.33
0
20
2.08
50
8.33
62.5
36.36
9.09
5.26
20
80
0
15.38
16.92
1.54
0.32
20
20
41.38
26.32
36.84
13.79
3.45
0.32
13.89
2.78
13.51
5
2.7
2.7
3.45
7.69
15.38
8.33
1.79
3.57
8.93
30.43
7.14
14.29
10.71
8.93
1.79
3.57
5.36
3.57
11.11
12.5
3.9
3.77
1.3
3.85
13.04
1.3
2.6
1.25
2.5
2.5
1.89
1.89
1.89
1.89
66.67
0.78
7.75
6.2
26.09
1.55
0.78
0.78
0.78
31.01
3.1
0.78
50
4.55
1.85
3.85
3.7
1.85
1.85
30.77
7.69
7.69
15.38
0
1.72
7.69
3.45
7.69
33.33
0
8.62
0.19
8.25
3.45
15.52
7.14
3.09
60.71
3.57
14.29
3.57
3.57
3.57
4
3.57
2.6
8.7
0.76
4.35
14.29
1.13
1.13
0.56
0.56
0.56
0.35
0.17
0.35
0.17
0.35
2.97
0.52
0.7
0.19
0.35
0.7
0.35
0.17
0.17
0.35
49.43
0.35
0.17
60
12.5
3.33
0.35
0.17
1.22
0.52
3.23
0.35
0.17
0.17
0.52
1.82
0.17
0.17
14.29
0.17
14.29
0.17
14.29
0.17
5.45
0.17
4.55
3.64
6.49
1.75
2.6
0.35
4.55
0.35
0.35
19.48
0.17
0.17
33.33
0
33.33
66.67
6.49
5.19
50
33.33
7.27
33.33
13.89
0
8.33
36.11
5.56
25
13.18
0.17
0.17
1.22
0.17
0.17
0.17
0.17
1.4
0.17
0.35
0.17
0.52
0.17
0.17
0.17
0.17
0.17
0.35
6.67
0.35
0.17
0.17
0.17
0.17
0.35
0.17
0.17
0.35
0.17
1.92
0.17
0.17
0.35
0.17
0.17
0.17
0.17
1.92
0.87
0.17
0.17
0.17
0.17
0.17
0.35
0.52
0.17
0
0.17
0.17
0.17
13.04
2.86
7.69
0
3.45
0.19
1.3
0.19
47.83
38.1
8.73
0.17
0.17
4.35
1.25
1.25
14.29
1.25
1.59
4.35
1.72
1.72
0.19
0.38
0.19
0.19
0.19
0.19
0.19
0.19
0.19
0.38
0.19
0.19
0.19
0.38
0.57
6.67
0.19
0.19
6.67
0.38
0.19
0.38
0.19
0.19
0.19
0.38
0.19
0.19
0.38
0.19
0.19
0.19
0.19
0.19
0.38
0.38
0.19
0.19
25
25
6.67
6.67
25
2.86
6.67
40
4.55
7.14
14.29
2.5
1.25
2.6
1.25
3.13
2.6
3.13
3.13
7.69
2.33
2.86
2.86
0.17
0.17
0.35
0.17
0.17
0.52
0.19
0.19
0.57
0.57
0.19
0.19
0.38
0.19
33.33
0.38
0.38
0.19
0.57
0.19
0.38
0.19
0.38
0.19
0.57
33.33
0.19
0.19
14.81
0.38
0.19
0.99
1.72
0.66
3.64
3.45
0.33
0.66
3.31
6.67
3.97
6.29
6.67
0
50
5.56
83.33
50
8.33
66.67
0.7
13.64
2.27
33.33
10.34
8.33
8.33
8.57
0.56
1.43
2.86
0.17
0.31
4.26
0.17
0.17
1.25
4.55
6.82
2.27
1.25
19.23
10.26
1.25
2.27
1.28
0.17
7.14
11.11
12.5
10
0
25
0.17
0.17
0.17
0.17
0.17
0.35
0.17
0.52
0.35
0.17
0.7
0.17
0.17
0.17
0.17
0.35
0.16
0.17
0.17
1.72
0.17
0.16
0.17
18.18
4
4
0.17
0.17
50
0.17
50
1.55
6.2
15.5
3.1
2.33
1.55
2.33
18.18
1.55
10.91
9.09
9.09
3.64
1.82
1.82
1.82
5.45
1.72
0
16.67
4
0
14.29
50
50
22.22
11.11
11.11
0
1.15
0
50
12.5
12.5
12.5
12.5
12.5
0
0
5.56
5.56
0.17
0.17
0.17
5.71
0.79
75
2.86
5.71
19.15
5.71
23.81
4.26
6.25
6.25
16.67
4.76
4.76
0.17
0.35
2.01
0.5
1.51
0.17
1.51
0.5
0.17
0.5
2.13
4.52
25
85.71
4.76
20
50
0
12.5
0
4.55
4.55
33.33
0
0
0
0
12.5
0
2.78
0
25
16.67
0.19
16.67
0.56
11.11
0.19
0.19
11.11
0.19
66.67
0.19
33.33
0
10
20
0.75
1.82
0.19
0.17
0.17
0.17
50
25
0.17
0.19
0.17
0.17
1.82
0.17
1.82
0.17
31.82
4.76
4.55
59.09
3.64
80
1.72
0
23.08
16.67
2.22
2.33
2.33
50
12.5
2.33
2.33
2.33
2.33
10
10
0
0
25
0
33.33
33.33
12.5
12.5
12.5
12.5
69.23
15.38
12.5
20
40
20
33.33
25
50
10
70
2.63
10.53
42.11
2.63
1.43
5.26
4.65
10
8.7
33.33
2.33
1.25
5.56
2.5
20
12.5
13.33
2.22
2.22
1.82
0
0
75
66.67
3.33
1.82
33.33
2.33
5.45
2.33
1.11
0
3.75
2.63
20
90.91
2.69
9.09
14.29
14.29
0
6.56
0
6.67
1.64
0.38
3.85
0.38
0
25
0.17
0.35
0.17
1.69
0.35
0.17
6.78
12.5
37.5
1.75
50
16.22
0.17
0.35
2.7
0.5
1.25
2.5
50
11.11
1.25
1.25
0.38
0.9
2.38
9.09
6.06
9.09
9.09
9.09
3.03
9.09
63.64
9.09
3.03
6.06
3.85
1.15
0.38
53.85
25
12.5
12.5
12.5
12.5
1.54
7.69
7.69
0
50
1.15
65.71
66.67
2.86
0.78
0.78
1.55
50
0.78
0.78
0.58
0.58
0.67
0.67
0.67
6.06
3.03
9.09
16.67
50
27.27
8.33
6.06
3.03
7.69
7.69
25
50
1.64
20
7.14
1.64
1.64
3.28
1.64
1.64
1.64
1.59
1.59
1.59
1.59
1.59
1.59
0.38
16.67
3.03
33.33
50
3.03
3.03
12.12
6.06
7.14
3.7
1.55
0.78
0.78
0.78
3.7
0.78
3.03
3.03
3.03
3.7
2.7
4.65
0.74
0
9.09
9.09
0.67
66.67
30
33.33
25
21.79
1.28
1.28
1.28
25
25
53.85
10
1.89
18.18
1.89
0
9.09
19.33
11.76
16.67
1.68
16.67
16.67
27.27
9.09
17.07
12.2
66.67
0.97
0.67
0.67
16.67
16.67
0.67
0.78
4.35
4.35
0.78
0.84
2.52
66.67
7.14
28.57
2.44
2.44
6.25
2.44
4.17
6.25
6.25
12.2
0.78
0.67
5.88
12.77
4.26
4.26
23.4
11.11
9.62
2.44
1.92
22.22
0
2.86
2.86
77.78
5.71
2.44
12.5
1.94
2.91
0.97
33.33
11.11
0.67
14.29
16.67
28.57
30.77
15.38
18.18
36.36
47.83
10
13.04
4.35
8.7
17.24
4.17
6.9
3.45
0
4.17
10
4.17
2.86
0.97
2.86
1.43
7.14
1.43
1.25
2.86
1.43
1.25
1.25
0.67
2.13
2.7
8.33
50
4.29
4.29
0.67
12.5
4
50
6.67
0
1.39
16.67
16.67
16.67
6.25
5
5.13
1.28
10.53
26.09
1.28
1.28
1.28
7.14
1.25
1.25
5
35
20
0
0
20
10
50
6.67
6.67
6.67
12.5
12.5
14.29
0
33.33
20
5.56
50
4.55
1.28
1.64
6.45
3.23
33.33
66.67
2.5
33.33
1.25
1.25
1.25
1.25
0
25
25
2.91
2.91
25
50
50
50
33.33
1.92
0.35
1.28
33.33
0.97
2.63
1.64
8.33
6.67
20
0
10
10
10
10
10
10
10
10
10
20
4.17
0.97
50
33.33
2.22
42.22
0.97
2.22
6.67
25
25
0
50
4.76
62.5
33.33
1.64
0
33.33
33.33
33.33
2.06
20
20
1.11
1.11
1.94
1.94
0.19
66.67
14.29
9.09
24.27
50
33.33
0
8.7
17.39
2.13
8.51
0.97
6.3
0.19
25
20
20
6.67
4.55
2.56
20
8.97
5.13
1.28
1.28
1.28
0.74
14.29
1.82
0.78
50
50
4.35
33.33
4.17
8.33
4.17
4.17
4.17
4.17
0.79
4.76
0.66
5.96
1.99
3.31
0.66
0.33
0.33
0.33
13.58
0.66
0.33
0.33
0.33
0.33
3.13
0.56
3.13
2.82
0.56
0.56
0.74
2.21
50
0.74
11.11
11.11
42.86
14.29
0
25
1.06
1.06
1.06
25
2.78
0.97
25
12.5
12.5
0
36.36
10
0.42
0.83
0.83
33.33
66.67
33.33
20
2.63
2.63
25
25
0
50
0
66.67
0
0
0
10.34
1.15
6.9
1.15
1.15
2.13
2.3
1.15
1.15
0
0.38
0.19
0.19
0.38
0.19
0.57
0.38
0.19
0.19
0.96
0.19
0.19
0.19
0.19
0.38
0.19
0.38
0.19
0.19
0.19
0.38
0.19
0.38
0.19
0.19
0.57
0.19
0.19
0.19
0.19
0.19
0.19
0.19
0.19
0.19
0.19
0.19
0.57
0.19
0.19
0.19
0.19
0.38
0.95
0.19
0.19
0.57
0.19
0.19
0.19
0.19
0.19
0.19
0.38
0.19
0.19
0.19
0.38
1.82
11.11
2.63
0.19
29.09
2.33
0.19
0.19
0.19
0.57
0.19
0.19
0.19
1.82
0.19
0.38
0.19
0.66
0.19
0.19
2.38
2.38
2.13
0.19
0.38
0.19
0.19
0.19
0.19
0.38
0.19
0.38
0.19
0.19
0.38
0.19
0.19
0.19
0.19
0.19
0.19
0.95
0.19
0.19
0.19
0.19
0.19
0.19
0.19
0.19
0.19
0.38
0.19
0.19
0.19
0.19
0.19
0
33.33
50
2.22
0
0.42
0.42
25
22.08
50
4.76
5
10
5
0.83
15
5
1.82
12.5
0.26
2.38
12.5
2.38
2.38
1.82
33.33
33.33
0.19
0.38
0.19
0.19
0.19
0.19
0.19
0.57
0.19
0.57
0.38
0.19
0.19
0.19
0.19
0.38
0.38
0.19
0.19
0.38
0.19
0.38
0.76
0.19
0.19
0.19
0.19
0.19
0.19
0.19
0.19
0.57
0.38
0.19
0.19
0.19
0.38
0.19
0.19
0.38
0.19
0.38
0.19
0.95
0.19
0.19
0.19
0.19
0.57
0.19
0.19
0.19
0.19
0.76
0.19
0.38
2.46
0.38
0.19
0.19
0.19
0.19
0.19
0.19
0.19
0.76
33.33
50
25
30
75
0
5.56
8.33
0.19
30.56
0.19
10
0.19
13.89
0.19
0.19
72
0.19
0.19
0.19
0.19
0.19
44.23
0.19
15
0.19
0.19
0.19
5.77
0.19
0.19
0.19
1.92
1.92
0.19
0.19
5.77
0.19
0.19
7.14
0.19
0.19
50
0.97
50
0.97
60
3.64
3.33
2.38
26.67
4.76
2.38
1
5.45
69.05
26.19
1.11
2.38
10
52.63
1.11
1.11
1.11
1.11
1.11
1.11
1.11
1.11
1.11
1.11
1.11
1.11
0.19
1.11
1.11
1.11
1.33
0.38
35
18.75
0.19
6.25
1.92
3.85
0.19
0.19
0.38
0.19
3.85
20
0.38
0.38
0.38
0.19
0.19
0.57
11.76
0.19
0.19
0.19
0.38
1.85
5.88
0.19
0.19
0.38
0.19
0.19
0.19
0.19
0.19
0
0.38
0.19
0.19
0.38
0.19
0.19
0.19
2.38
0.19
0.19
0.19
0.19
0.19
0.19
0.19
1.92
0
0
33.33
31.75
3.17
4.76
1.59
1.59
1.59
1.59
33.33
4.76
2.44
3.66
2.44
1.22
1.22
1.22
2.44
1.22
1.22
1.22
3.66
1.22
1.22
1.22
1.22
1.22
1.22
1.22
1.22
1.22
2.44
1.22
1.22
1.22
1.22
1.22
1.22
1.22
1.22
1.22
3.66
1.22
28
1.22
1.22
1.22
1.22
0
1.92
5.26
6.67
10.53
3.45
0.42
0.42
1.22
3.66
1.22
2.44
2.44
1.22
1.22
1.22
2.44
1.22
1.22
1.22
1.22
1.22
1.22
1.22
1.22
1.22
1.22
1.22
1.22
1.22
1.22
1.22
1.22
1.22
1.22
1.22
1.22
1.22
1.22
1.22
1.22
1.22
1.22
15.38
1.22
1.22
1.22
1.22
1.22
1.22
1.22
1.22
1.22
1.22
51.28
37.5
14.43
0
0
1.25
1.92
0
0
1.03
1.92
1.92
35.71
3.85
46.15
2.56
0.5
0.5
0.5
50
0.5
14.29
1.01
14.29
0
16.67
57.14
75
10
1.49
28.57
1.43
0.74
46.67
1.01
2.33
0.5
2.33
25
0
0.19
0.19
0.19
0.19
0.19
31.71
17.07
4.17
20
5.26
5.26
14.29
14.29
14.29
4.62
1.73
12.14
1.73
15.61
2.22
1.06
2.38
50
10.98
0.58
2.89
1.16
0.58
0.58
0.58
13.33
22.22
17.78
8.89
2.22
33.33
33.33
63.46
15.38
5.77
96.67
8.33
4.17
8.33
4.17
4.17
8.33
2.38
1.94
2.44
3.66
6.1
75
4.44
4.44
0.33
1.32
0.33
0.33
0.33
0.99
0
0.33
0.33
0.33
0.33
0.33
23.53
0.33
0
50
28.57
8.33
41.67
2.38
8.33
2.38
71.43
14.29
14.29
72.22
6.67
5.56
0.96
1.92
0.96
0.96
0.96
0.96
1.92
0.96
3.85
0.96
0.96
3.85
3.85
1.92
0.96
0.96
0.96
0.96
0.96
0.96
1.92
0.96
0.96
0.96
0.96
0.96
2.88
0.96
1.22
5
10
5
0.96
0.96
0.96
3.28
4.92
0.96
1.92
0.96
0.96
3.85
0.96
0.96
0.96
0.96
0.96
2.88
4.35
34.78
50
7.14
7.69
3.85
5.77
7.69
1.92
15.38
3.85
1.92
1.92
3.85
3.85
1.92
1.92
3.85
57.14
2.17
1.64
66.67
28.57
9.38
3.13
50
50
11.11
17.78
2.22
11.11
25
2.17
2.17
4.76
1.64
6.67
1.41
4
10
50
88.89
5.56
2.27
4.23
9.86
4.23
33.33
1.41
50
3.57
33.33
33.33
12.5
5
20
40
6.67
6.67
0.75
0
50
50
12.5
0
14.29
14.29
14.29
0
33.33
0
8.33
8.33
8.33
12.5
4.17
8.33
4.17
4.17
4.17
37.5
10.34
13.79
18.52
3.45
3.45
3.45
3.45
3.45
3.45
6.9
5.56
1.92
5.88
1.92
17.65
17.65
5.88
35.71
5.88
11.76
35.71
25
6.06
5
15
10
5
37.5
6.38
29.79
20
23.53
20
0
8.33
13.89
2.94
2.94
2.27
5.88
1.39
31.25
37.5
0.53
43.48
2.94
16.67
16.67
16.67
5.88
16.67
50
16.67
0
0
0
11.76
47.06
23.53
5.88
30.56
2.78
16.67
25
16.67
8.33
2.94
2.38
45
5
80
0
5.88
0
38.1
0
4.76
3.92
2.01
2.72
0.68
2.04
0.33
0.33
0.66
0.33
18
6
32
27.08
14.58
12.5
4.17
79.41
25
4.17
2.63
2.94
6.25
8.75
17.5
1.25
65
3.75
2.27
35
5.26
2.5
5
3.75
5.77
28.85
13.46
3.85
82.76
7.69
1.92
3.85
0.17
1.92
1.92
0
0
25
1.43
16.67
28.57
4.76
9.52
5.71
2.94
11.43
2.86
2.86
2.86
2.86
2.86
2.86
5.71
2.86
5.71
2.94
2.86
2.86
8.82
2.86
0
50
1.43
33.33
2.94
50
2.94
3.7
0
2.63
2.63
11.11
6.25
50
50
0
85.71
3.39
42.37
16.67
6.78
6.67
53.33
22.22
22.22
22.22
10.17
5.08
1.69
75
33.33
28.57
96.77
84.85
4.76
70.59
8.7
5.56
5.88
0
2.17
3.13
2.17
4.69
5
3.33
1.43
1.43
4.29
1.67
0.51
2.13
2.05
7.18
1.06
1.06
4.35
1.03
3.19
1.06
1.06
1.06
1.03
2.94
3.95
1.32
1.32
1.32
5.26
2.63
2.94
1.32
5.88
0.17
0.35
0.17
0.17
0.17
2.94
2.17
2.94
1.57
2.86
4
4
4
4
3.13
0.51
1.03
1.03
2.56
0.51
0.51
6.9
1.03
0.51
1.54
4.1
3.59
3.08
2.05
2.56
1.03
3.59
1.03
1.03
2.05
0.51
3.45
1.03
3.45
21.43
1.08
1.03
1.08
7.14
1.54
0.51
0.51
1.03
4.3
2.05
4
0.51
1.08
1.08
0.51
0.51
1.54
0.51
0.51
4
4
50
0.19
0.51
50
5.66
1.89
0
15.38
1.89
50
0
2.38
0.17
0
14.29
0
6
32
0
1.92
20
13.33
4.55
25
1.59
20
66.67
9.09
4.55
33.33
50
0
44.44
4
7.14
3.33
1.11
0
0
14.29
3.57
1.89
3.57
3.57
5
50
2.5
2.17
16.67
50
33.33
17.65
5.88
12.5
0.42
8.33
0
0
2.56
1.64
0.19
0
0.17
20
50
50
33.33
2.7
1.06
0.97
30
3.75
5.26
0.42
33.33
2.86
0.68
0.84
4.55
25
0.19
14.29
14.29
1.06
0.74
1.82
12.5
4.35
30.43
13.04
4.76
4.35
13.04
4.35
4.35
3.13
6.25
6.25
6.25
12.5
12.5
6.25
6.25
6.25
6.25
6.25
6.25
9.09
1.64
9.09
5.56
9.09
9.09
27.27
12.5
0
33.33
20
18.18
0
16.39
7.41
0
33.33
0
0
0
0
0
25
75
25
77.78
0
0
50
25
16.67
25
6.25
0
18.75
0
0
15.38
0
50
0
12.5
14.29
3.23
50
25
17.24
12.5
3.85
12.5
18.75
9.38
15.63
3.13
3.13
9.09
33.33
11.11
80
0
20
4
28
10.64
20
11.11
8.33
2.94
25
10
33.33
4.76
10
30
33.33
33.33
33.33
2.35
11.76
1.18
8.33
7.69
4.17
3.7
9.09
9.09
4.55
4.55
1.64
3.7
1.64
2.27
0
4.44
4.44
8.33
7.5
7.69
1.79
33.33
2.63
10.64
38.3
50
12.5
12.5
0
0
1.79
12.5
25
0
25
0
25
25
0
50
0
0
16.67
4.76
25
0
11.11
41.18
5.88
14.29
60
25
4.76
14.29
28.57
33.33
33.33
33.33
37.5
4.76
10.13
12.5
50
50
0
33.33
33.33
16.67
2.04
5.88
1.18
33.33
25
0
8.33
1.18
1.18
40
0
8.33
0
15.38
23.08
0
1.92
1.92
2.7
16.22
0
1.92
5.88
16.67
0
4.76
7.69
14.29
33.33
14.29
14.29
26.09
0
5.88
1.18
1.18
2.35
2.35
1.18
7.69
1.18
1.85
16.67
1.18
1.18
1.18
50
9.09
1.05
36.36
9.09
25
1.05
0
0
0
6.67
25
6.67
14.29
14.29
14.29
14.29
50
75
72.73
14.29
1.18
0
1.18
14.29
30.77
16.47
1.18
1.18
25
1.18
50
7.69
15.38
7.69
7.69
8.33
2.94
2.94
4.76
25
50
50
50
0
1.05
23.53
5.88
2.94
2.94
1.05
2.94
2.94
1.05
25
33.33
1.18
50
1.18
0
1.18
6.67
20
50
6.67
2.04
0
8
6.67
1.18
6.67
1.18
33.33
0
1.18
25
1.18
17.65
33.33
25
58.33
33.33
0
0
0
50
0
10
1.18
10
10
25
10
0
10
10
10
0
5.88
0
1.34
50
0
50
5.88
4
13.64
13.33
3.85
20
0
33.33
50
4.17
58.33
50
5.56
5.56
50
30
0.37
0.37
3.49
3.49
3.49
2.22
5
3.23
0.65
0.65
11.11
2.33
7.14
7.69
10
11.11
50
0.26
22.22
17.65
11.11
46.15
33.33
0
11.54
3.85
3.85
2.5
7.5
2.5
25
11.11
5
22.22
35
50
66.67
0
0
50
7.69
0
0.26
0.79
0.26
0
0
0.65
11.11
11.11
2.27
2.27
50
12.5
6.25
50
3.77
33.33
66.67
0
0
3.85
6.25
3.74
0.93
0.93
3.85
0
4.76
10
11.54
16.36
29.09
3.64
33.33
12.5
30
33.33
2.56
14.29
50
0
66.67
28.57
0.53
0.26
0.26
0.26
83.33
2.56
1.82
9.92
1.16
8.72
2.8
0.79
12.5
12.5
25
6.98
0.76
1.22
1.22
1.22
1.85
2.08
20
60
20
1.5
1.85
1.85
1.85
2.38
1.85
1.85
1.22
1.22
1.22
13.33
1.22
1.22
1.22
2.44
25
5.56
3.85
2.38
0
11.11
33.33
1.85
7.69
7.41
1.85
1.85
1.01
50
1.01
10
10
40
75
10
1.85
50
1.85
2
16
4.17
1.85
11.11
2.86
0
1.22
1.22
5.56
10
10
37.5
4.17
20
50
1.85
1.85
8.33
0
1.22
1.22
1.22
60
3.66
2.44
1.85
2.04
3.45
1.85
7.32
0.74
2.94
4.88
1.22
1.22
1.85
33.33
24.39
9.52
1.85
12
10
57.14
0
4.76
14.29
8.33
72.22
5.56
0
11.11
11.11
15.63
50
2.08
2.08
45.45
1.16
25
0
25
6.67
6.67
6.67
66.67
30
40
90
5.56
6.25
10
2.08
13.64
2.08
2.08
2.08
2.08
10
2.08
50
0
8.33
6.25
20
40
66.67
33.33
0
16.67
27.27
9.09
7.69
7.69
23.08
7.69
7.69
7.69
50
50
0.65
12.5
2.08
0.38
20
0.38
20
75
50
42.11
0.38
0.38
5.26
0.38
2.08
14.29
57.14
27.27
9.09
33.33
33.33
33.33
0
7.41
0.38
66.67
2.86
1.85
30
10
3.7
0.38
8.57
3.33
3.85
6.67
20.45
5.56
5.56
1.25
11.43
8.57
2.86
2.86
1.11
1.11
1.11
1.11
1.25
1.11
1.11
3.33
33.33
1.11
5.56
3.33
1.11
1.11
50
3.7
6.67
16.67
11.11
66.67
33.33
33.33
16.67
8.33
2.41
0
0
0
5.71
2.86
2.86
1.11
2.22
1.11
1.11
10.98
1.11
1.11
1.11
1.11
8
1.11
75
16.67
6
8
0.54
13.83
4.35
3.13
4.35
14.29
14.29
18.18
5.26
10.53
2.82
16.67
20
21.05
2.82
14.29
2.13
5.26
5.26
2.7
0
12.5
62.5
12.5
3.45
0
2.27
4.55
9.09
2.27
2.27
11.36
2.27
20
4.55
4.26
20
20
60
2.27
3.45
20
0
2.27
66.67
2.27
33.33
2.27
1.06
33.33
9.41
3.53
11.11
5.88
0
1.72
1.72
50
1.72
1.92
0.65
50
50
50
7.69
25
5.88
50
0.38
1.72
5.17
1.72
0
2.44
11.11
50
18.18
50
11.11
0
0
7.14
0
6.06
15.63
7.14
16.67
0.77
8.33
8.33
2.38
8.33
2.44
2.38
6.67
3.33
0
16.67
0
3.33
0
3.33
0
50
50
0.38
0.96
2.38
16.67
1.3
5.56
45.45
22.22
50
20
3.03
0.38
2.38
0
9.09
66.67
1.3
3.85
50
3.85
2.6
33.33
11.11
11.11
11.11
1.3
66.67
9.09
50
50
0
7.69
0
50
0
3.64
3.03
7.27
3.64
1.82
0.38
69.44
1.82
12.73
1.82
0.38
3.64
0.38
4.35
1.82
0
33.33
33.33
1.54
0
25
25
25
25
50
16.67
10
40
25
7.14
0
0
20
0
2.38
0
7.69
0
0
5.71
0.38
40
0
0
20
20
25
25
54.29
0
0
0
20
0.38
0
1.67
0
0
25
25
3.33
50
0.79
0
50
50
0
0
0.79
8.57
66.67
2.86
4.17
2.33
3.49
5.26
50
50
0
0
0
0
33.33
0
0
66.67
33.33
14.29
14.29
5.26
47.37
5.26
5.26
5.26
2.86
0
0
0
0
69.77
0
0
3.45
9.3
7.14
4.65
50
7.14
7.14
7.14
7.14
1.72
5.88
10
11.76
5.88
1.67
4
50
46.15
2.33
4
7.69
4
1.67
4.55
3.33
20
4.55
1.67
1.67
40
66.67
33.33
0
92.86
1.67
1.67
1.67
4.76
10
10
2.63
2.44
1.67
1.67
0
62.5
25
12.5
0
4
29.17
1.52
3.03
4.17
8.33
33.33
33.33
0
7.69
1.52
25
4.55
9.09
4.17
4.55
31.82
4.55
50
20
11.11
66.67
0
33.33
2.44
50
12.5
10.53
33.33
66.67
20
66.67
45.45
71.43
14.29
0
1.82
75
0
7.14
4.26
2.13
33.33
0
10
9.09
33.33
12.5
2.63
33.33
50
76.32
46.43
7.14
1.35
4.26
66.67
3.57
1.35
20.83
25
3.88
50
4.55
4.55
33.33
3.85
4.55
2.13
0
66.67
2.22
25
25
8.33
3.03
3.03
2.63
17.02
0
3.33
1.67
12.5
1.67
1.67
4.17
0
12.5
12.5
2.74
12.5
60
8
20
25
0
0.38
0
66.67
23.4
0
4
0
4
20
8
6.38
50
0
2.13
0
0
0
2.74
15.79
5.26
10.53
5.26
0
66.67
8
14.29
50
0
7.14
2.91
50
0.97
0.97
50
50
0
1.94
0.97
7.14
7.14
7.14
1.94
0
7.14
0.97
1.67
0
1.67
1.67
50
0
0
0
66.67
15.38
7.69
15.38
3.03
3.03
7.14
7.69
3.03
7.14
3.03
7.14
3.03
3.03
3.03
1.52
3.03
7.14
1.52
92.86
0
7.14
50
0.64
0
1.92
1.89
1.89
7.05
16.67
0.97
4.17
50
0.37
0.37
0.74
4
50
37.5
6.06
12.5
12.5
6.06
4
50
25
29.17
5.88
0.94
0.94
0.94
1.89
2.83
0.29
0.94
90
0.94
0
0
0.64
0.64
0.64
0.64
0.64
0.64
0
0.64
8
38.89
4
4.55
0.64
31.25
10.53
0.64
2.63
4
2.63
0.52
1.28
5.13
8.97
16.67
14.29
1.18
20
0
50
0
16.67
0
0
33.33
50
12.5
4
25
25
2.56
0
11.11
90
7.69
3.85
5.26
5.26
14.65
1.18
23.08
38.46
7.69
7.69
1.91
6.37
76.47
1.92
1.92
3.85
28.57
0
14.29
3.85
0
0.64
50
25
40
3.85
20
50
50
11.11
0
66.67
0.64
0.64
0
25
25
0
14.29
20
50
25
33.33
0
0
40
14.29
2.56
1.67
0.97
0.29
14.29
0.97
0.97
0
0.97
3.85
31.25
6.25
20
10
10
0.97
6.25
6.25
10
0.97
1.94
50
0
50
0
0
0
0
50
0
0
0
5.26
14.29
6.67
0
4.44
3.18
37.5
33.33
0
0
0
5.1
0.64
16.67
0
0
7.14
50
7.14
0
66.67
33.33
0.64
50
0
0
4.44
0
2.22
3.85
8.33
0.64
16.67
50
10
4.23
20
1.41
1.28
0.64
0
50
0
0.64
7.14
50
12.5
7.14
0
33.33
50
3.21
0.64
0.64
10
1.67
1.67
3.33
8.33
5
3.33
1.67
5
16.67
33.33
1.67
0
12.5
0
25
1.92
16.67
12.5
12.5
33.33
0.64
0.64
0.64
1.67
3.33
33.33
11.11
11.11
11.11
1.67
0.18
20
0.92
0.64
1.28
1.28
10
6.25
5.45
0.64
5.45
30
0
28.57
1.82
5.45
8.33
8.33
4.55
3.64
12.5
12.5
15.38
1.82
1.82
7.69
0
0.18
0.37
1.92
20
0.64
0.64
1.47
1.28
33.33
0
5.26
5.26
0.92
5.26
0
0.18
0.55
0.18
16.67
1.28
1.92
0.64
9.09
4.17
0
15.79
25
1.28
0.64
0.64
0
0.64
0.64
0.64
0.64
50
28.26
1.37
1.54
2.17
6.52
1.92
0.64
0.18
11.11
50
1.72
1.72
5.17
50
50
8.33
8.33
50
0.18
2.08
40
2.08
1.35
33.33
25
15.22
0.64
4.17
2.17
2.17
2.27
6.52
0.64
0.64
0
25
20
80
2.17
4.35
4.35
4.35
8.7
8.7
0
0
1.18
0
7.69
26.92
3.85
19.23
3.85
7.2
36
25
95.24
30.43
25.91
66.67
10
66.67
0
10
3.33
1.07
87.5
1.07
0.8
1.07
0.53
0.53
9.6
42.86
0
2.59
8.29
6.74
1.55
0
0.52
0
3.11
0.8
1.85
2.56
50
50
27.8
1.47
0.52
0.52
5.18
2.59
20
0
0.8
87.5
1.67
1.67
1.04
0
0.8
18.18
1.67
6.4
0.52
1.6
3.33
0.8
0
0
28.57
0
5.26
5.26
7.14
33.33
25
0.55
25
0.37
8.33
8.33
71.43
0.39
0
0
0.52
4.26
0
0
11.11
16.67
0
0
10
50
33.33
10
55.56
10
10
3.7
25
75
50
0
10
33.33
0
1.85
2.63
1.04
2.94
1.04
0.52
1.04
40
20
0.52
33.33
33.33
0
10
0
0
20
0.52
3.23
0
66.67
3.7
25
33.33
0
1.85
50
50
0.52
10
10
0.52
0.52
0
0
0
1.85
22.22
0
50
0
40
10
0
0
1.85
33.33
1.85
1.85
33.33
10
33.33
50
66.67
3.85
15.38
9.52
0
2.07
0
2.01
0.52
0.52
11.11
42.86
22.22
22.22
37.5
3.23
33.33
5
3.45
0
3.45
10.34
3.45
0
3.45
12.5
12.5
3.45
3.45
3.45
3.45
3.45
3.45
0
0
20
33.33
33.33
0.52
6.9
0.39
7.69
0.39
0.77
0.39
0
11.11
50
13.33
0
0
33.33
0
15.79
0
25
25
12.5
20
0.37
0.37
50
2.65
0.66
0
0
0
50
50
11.11
11.11
20
20
0
0
84.62
7.69
28.57
14.29
7.69
0
11.11
0
0
0
20
0
0
0
0
40
11.11
11.11
50
50
70
33.33
21.85
10
0
24.32
66.67
13.89
0
0
0
0
33.33
0
33.33
20
61.11
11.11
5.56
5.56
5.56
3.13
9.38
6.25
14.29
3.13
14.29
0
20
0
40
80
6.67
0
1.11
57.14
40
42.86
0
20
10
10
0
7.14
7.14
7.14
8.51
14.89
4.26
2.13
4.26
2.13
2.13
2.7
1.11
2.13
1.47
4.26
2.13
1.47
33.33
0.39
0.39
0.39
0
3.33
1.92
50
16.67
33.33
20
50
16.67
30.43
4.76
8.7
8.7
8.7
12.5
12.5
0
33.33
33.33
4.35
33.33
33.33
5.26
7.14
4.35
40
20
20
80
0
1.35
1.35
5.71
2.7
2.86
50
33.33
33.33
0
25
25
0
11.76
52.94
33.33
2.86
0
0
33.33
1.35
0
20
25
66.67
0
50
4.76
25
50
37.5
5.71
5.71
5.71
2.86
61.54
5
10.53
5.26
5.26
2.86
0
33.33
33.33
46.67
50
25
0
72.73
2.27
4.55
2.5
2.33
0
0.68
0.68
0.68
83.33
10
1.96
2.22
3.7
11.54
33.33
66.67
33.33
0
0
20
4.55
4.55
0.65
33.33
2.5
66.67
2.04
5.88
0.65
0
12.5
12.5
12.5
1.22
1.22
1.22
1.22
8.49
27.27
50
1.04
29.17
0.71
19.86
50
0
33.33
50
0
63.64
33.33
12.5
14.29
14.29
0
34.48
0
6.06
4.35
0
1.54
18.46
0.77
1.82
1.3
0
0
0
16.67
7.14
8.33
16.67
0
2.86
20
66.67
2.86
14.29
5.26
5.56
75
50
2.86
21.74
21.74
8.7
60
14.29
2.86
4.35
2.86
50
10
4.35
20
4.35
10
4.35
4.35
50
0
90.38
5.71
22.03
1.69
1.69
8.47
3.39
1.69
0
14.29
50
50
3.39
0
5.88
2.86
5.88
3.39
5.08
3.39
1.69
1.69
1.05
3.39
1.69
66.67
3.7
1.69
1.69
1.69
3.7
25
0
0
20
23.53
17.65
11.76
1.92
1.92
0
50
0
0
0
0
1.3
1.83
2.75
0.92
1.83
1.82
3.64
1.82
5.45
3.64
1.82
25
0
1.82
1.82
1.82
1.82
3.64
1.82
1.82
1.82
5.45
1.82
3.64
1.82
1.82
0
1.82
1.82
1.82
1.3
1.3
11.11
31.25
11.11
11.11
11.11
33.33
28.57
14.29
11.11
14.29
14.29
45.45
12.5
7.14
33.33
40
60
40
0
42.86
14.29
1.69
1.69
0.85
50
50
50
50
50
50
9.09
9.09
11.11
11.76
5.88
0.39
5.88
0.77
5.88
40
30
20
11.11
5.56
5.56
5.56
38.89
4
8.33
8.33
75
28.57
33.33
33.33
0
0
3.23
33.33
16.13
2.7
5
3.23
0
0
77.78
6.25
6.25
12.5
0.68
28.57
6.25
0.68
0.68
0.81
5
0.68
0.68
25
25
25
25
5
10
20
5
20
20
0.81
5.65
0.81
1.61
4.84
0.81
0.81
0.81
28.57
0
0.92
0.92
20
0
14.29
4.17
0.81
0
1.61
33.33
1.61
0.81
0.81
0.81
0.81
0.81
0.81
1.61
8.33
2.33
25
25
0
0.81
50
0.81
0.81
0.81
66.67
5.88
0.81
62.5
8.33
60
0.81
0.81
20
10
0.68
0.81
0.81
0.81
0.81
0.68
0.81
13.33
1.61
54.55
40
9.09
9.09
0
5.26
0.78
50
0.78
5.71
2.86
25
0
31.58
0
0.54
33.33
50
50
50
6.67
16.67
67.57
5.88
6.86
36.36
0.79
0.79
10
15.38
7.69
2.94
1.96
16.67
3.33
4.03
0.75
2.01
0.98
14.38
22.88
1.48
0.74
6.67
0.74
0.74
50
0
12.5
6.25
0
0
0
0
12.5
12.5
0
0
0
0.33
2.86
15.24
40.95
1.9
50
50
11.11
33.33
4.76
2.68
4.03
0.67
1.34
0.67
3.36
20
33.33
1.47
1.34
1.47
0.67
0.67
1.34
0.67
50
20
20
2.78
2.78
20
4.55
4.55
4.55
4.55
6.67
40
11.11
0
0
50
0
50
14.29
50
12.5
0
33.33
66.67
50
0.67
0.67
9.09
44.44
5.56
5.71
1.43
0
14.29
50
14.29
50
14.29
14.29
14.29
1.43
5.71
1.43
1.43
2.08
4.17
50
14.29
30
71.43
14.29
9.09
9.09
25
75
14.29
0
0
0.66
0
0
0
8.33
16.67
0
18.18
12.5
5.26
10.53
50
50
0
52
4
4
4
8.33
8.33
18.18
0
25
66.67
50
0
25
25
23.53
5.88
50
0
25
0
0
17.39
12.5
0
9.09
10
0
1.43
1.43
10
20
0
20
3.33
0
50
25
8.7
8.33
10
10
50
5.88
5.88
50
0.75
5.26
8.33
14.29
8.33
8.33
14.29
14.29
8.33
33.33
8.33
0
4.55
13.64
15.91
0
50
0
44.79
20
10
6.25
3.7
4.76
4.76
4.76
0
1.04
20
20
1.04
25
0
11.11
12.5
83.33
11.11
5.56
5.56
50
20
1.06
1.06
6.25
6.25
0
3.08
20
50
50
50
11.11
11.11
11.11
23.33
3.33
10
16.67
11.11
4.17
8.33
6.82
2.27
4.55
9.09
4.17
10
11.82
0.66
0.33
2.27
2.27
2.27
2.27
2.27
2.27
1.52
33.33
33.33
33.33
4
3.7
50
40
20
40
20
1.79
1.79
1.79
1.79
1.79
1.79
1.79
1.79
50
25
0.6
3.7
7.69
0.37
0.37
20
33.33
1.43
0.74
0.37
2.4
0.6
0.83
2.99
2.63
0
1.82
0.6
33.33
3.33
6.25
33.33
6.25
0.91
0.91
12.5
12.5
12.5
25
3.27
1.3
1.3
1.3
50
25
29.41
5.88
5.88
91.3
17.65
4.17
4.17
4.35
22.22
8.33
33.33
33.33
33.33
7.14
33.33
33.33
11.76
0
3.17
0
1.59
4.55
5.26
10.53
0
33.33
11.11
50
5
2.5
25
25
20
80
11.86
6.78
3.17
13.33
0
10
11.11
11.11
0
0.42
20
3.4
2.04
0.68
0.68
1.36
0.68
0.68
1.36
2.04
0.68
0
2.72
0.68
0.68
93.75
0.9
5.41
33.33
3.6
3.6
0
50
1.59
0.9
59.68
38.89
22.22
5.56
5.56
5.56
2.82
9.86
2.82
4.23
1.41
0.68
0.68
2.04
28.57
0.68
25
1.04
4.17
1.04
1.04
1.04
0.68
5.21
33.33
2.86
1.59
2.08
1.04
1.8
9.59
2.05
1.8
2.08
2.05
1.04
0
3.13
1.37
1.04
6.25
0.9
1.04
1.37
4.17
2.82
8
1.04
2.08
7.29
43.75
6.25
1.41
1.41
33.33
3.13
2.94
5.88
2
4
2
1.16
0
33.33
33.33
80
88.89
2.7
5.41
0
0
8.33
25
14.63
2.44
2.44
2.94
4.35
18.18
52.17
1.04
1.04
1.19
1.19
9.09
8.33
9.09
11.11
2.78
3.49
1.89
5.66
3.33
3.77
0
0
0.94
20
20
0
4.88
20.83
12.5
1.19
5.95
1.19
5.95
37.5
2.94
18.75
9.09
0
15.38
0
4.72
1.27
50
36.67
50
6.67
8.28
10.19
40
7.69
7.69
5
0.9
0.9
72.73
50
50
0.74
0.74
1.11
0.74
1.48
1.48
1.48
6.25
66.67
14.29
33.33
5.88
5.88
4.44
6.25
6.25
6.25
9.52
1.19
1.19
3.57
2.38
0.9
50
50
0.9
1.04
2.06
1.03
1.04
1.03
16.67
0.9
1.04
1.04
0.9
0.9
1.04
2.08
6.25
6.25
1.04
6.25
2.06
6.25
10.71
1.06
7.89
2.82
7.14
1.41
1.32
5.26
16.67
1.25
1.25
40.74
7.41
29.63
4.72
1.89
6.6
1.89
2.08
1.04
1.04
1.04
1.04
2.08
1.19
9.09
1.19
3.03
1.19
0.42
0
2.44
0.94
0.94
9.09
4.55
33.33
69.23
40
20
10
10
9.09
71.43
10
0
10
1.89
2.83
0
0
0
0.94
0
5.56
0.9
1.89
0.94
0.94
0.9
50
11.11
0
66.67
0
16.67
2.33
2.33
20
1.19
50
2.38
8.33
3.85
7.14
1.19
6.25
6.25
6.25
1.04
6.25
6.25
0
13.85
16.28
1.54
1.54
14.29
4.65
9.09
9.09
18.18
1.89
8.33
2.08
10.42
8.7
5.56
0.38
9.09
18.18
18.18
9.09
9.09
50
0
33.33
7.89
6.25
33.33
1.04
1.04
1.04
1.04
1.67
2.94
1.04
0
0
1.04
0
1.04
33.33
0.35
0.17
0.35
1.04
11.32
2.38
0.7
1.19
1.89
1.19
0.17
0.17
0.17
0.17
0.17
0.17
0.17
0.17
0.17
0.52
0
0.52
0.17
0
13.33
6.67
25
0
0
20
75
25
12.5
50
6.9
1.16
1.16
1.16
1.16
1.16
1.16
1.16
25
4.17
3.13
1.03
3.13
3.4
2.72
66.67
2.72
2.72
10.2
0
11.11
11.11
1.18
0
11.11
25
3.03
6.06
3.03
3.03
3.03
4.35
28.33
8.7
4.35
28.57
0
33.33
56.6
1.69
0
50
50
1.5
0.75
0.75
0.75
1.5
0.75
1.5
0.75
0.75
3.01
1.56
3.77
1.82
0
0
6.67
6.67
0
40
3.4
4.08
1.36
2.72
2.04
2.04
0
2.04
0.75
2.38
2.38
16.67
9.09
9.09
0
0.9
1.67
4.44
0.9
0.9
0.9
4.5
0.9
0.9
0.9
0.9
2.22
0.9
1.11
1.82
50
0
0
50
16.07
8.82
5.71
19.64
1.96
1.43
7.14
0.75
12.5
71.43
50
14.29
66.67
25
5.41
40.54
0
9.09
9.09
66.67
8.33
9.09
6.25
9.09
11.11
0
16.67
80
4.17
20
0
0
4.17
3.7
83.33
8.33
16.67
33.33
0.68
1.19
2.72
1.36
5.44
25
50
2.61
0.81
0.98
1.79
5.71
1.79
26.47
14.29
9.09
25
6.67
1.36
0.68
0.68
1.19
3.13
0.68
0.68
0.68
0.65
3.27
9.52
0.9
0.9
4.76
33.33
9.09
28.57
3.23
0.9
0.9
1.09
1.09
2.17
3.26
1.09
1.09
1.09
10.87
2.94
2.17
0.98
1.09
3.26
1.09
1.09
12.5
1.09
1.5
1.56
9.52
14.29
4.76
6.06
4.76
4.76
3.03
33.33
33.33
16.67
5.88
5
0.52
16.67
0.35
0.17
0
4.17
1.09
4.17
8.33
0.17
0.17
0.17
0.17
0.17
63.64
0
0.35
0.17
0.17
50
50
0.17
0
0
10
3.57
3.57
10
0
16.67
16.67
16.67
0
10
3.33
3.33
4.76
0
3.92
0.65
25
9.09
0.45
16.67
50
1.31
0.65
2.17
6.52
1.31
12.5
1.09
6.52
1.09
1.09
1.09
1.09
1.09
1.09
1.09
3.33
0.65
0.65
1.31
0.65
0.65
0.65
3.33
0.65
3.33
0.65
0.65
1.09
2.17
1.43
0.75
5.23
45.83
8.33
1.02
1.09
1.09
1.09
4.17
1.09
0.65
4.17
1.37
2.61
1.09
15.69
8.5
0.68
0.65
1.09
0.65
0.65
0.65
62.5
1.04
1.09
1.09
37.5
1.09
1.09
1.09
1.96
15.03
1.09
0.65
3.42
1.09
1.09
0.65
1.09
0.65
1.09
0.65
1.31
3.27
0.65
1.31
0.65
0.65
0.9
33.33
0.65
0.65
1.33
1.31
0.65
0.35
0.17
0.17
0.65
0.65
0.65
0.17
0.17
0.35
1.09
2.61
1.09
0.65
0.17
0.17
0.17
6.25
0.33
0.35
2.67
0.17
0.35
0.17
0.17
0.68
0
0.17
0.65
0.17
0.65
0.65
33.33
4.9
4.9
0.98
22.22
2.94
11.11
0.68
8.57
5.36
4.29
14.29
21.43
1.43
0.65
0
0.98
0.98
2.94
1.96
43.9
4.88
9.76
25
25
0
0.9
12.5
33.33
33.33
33.33
50
0.98
0.98
0.98
2.67
19
25
1.09
1
12.5
1.09
3
1.27
0.64
0.65
0.65
0
0.65
0.65
12.9
0.33
0.33
11.11
5.56
5.56
3.23
11.11
3.23
5.56
16.67
14.29
4.76
4.76
0.68
0.68
1.36
3.4
31.25
0.75
0.75
0.75
1.5
0.75
5.56
5.56
0
0.64
2.08
0.64
1.04
0.68
1.36
50
0.68
0.68
0.68
1.36
50
0.68
0.68
0
0.68
0.68
0.68
66.67
16.67
1.09
0.64
0.98
0.98
1.96
0.98
0
1.31
1.43
0.65
5.71
1.43
1.27
0.64
0.64
0.64
0.64
0.65
1.31
0.64
19.57
0.64
4.35
2.17
2.17
2.17
1.27
0.64
6.25
40
0
20
10
10
0.75
0.75
0.75
0.75
1.5
0.75
2.26
0.75
0.75
2.26
20
10
0
6.45
6.45
3.23
6.45
3.23
9.68
3.23
3.23
3.23
3.23
3.03
2.86
1.43
7.14
7.14
1.43
1.43
1.43
1.43
1.43
1.43
1.43
1.43
1.43
6.25
75
12.5
0
0
8.33
1
12.5
0.64
1.27
8.2
3.49
1.16
1.16
0
3.03
3.03
3.03
14.29
14.29
3.03
0.64
1.27
0.64
6.45
6.45
0.64
0.64
0
0
2.94
0.64
0
66.67
50
0
75
2.08
1.04
6.25
1.04
9.09
25
50
0
1.96
50
50
0.98
2.27
50
50
75
0.98
0
3.92
6.67
8.82
25
2.94
1.96
0
16.67
50
0.87
0.17
0
0
5.56
5.56
0.17
5.56
0
0.17
11.11
50
50
5.56
0.17
11.11
0.17
1.04
1.04
5.56
0.17
16.67
33.33
16.67
7.69
15.38
19.23
7.69
3.85
2.27
1.04
5.56
14.29
6.67
38.89
0.74
2.22
50
7.41
2.27
33.33
1.48
33.33
33.33
16.67
16.67
16.67
12.5
2.94
2.94
0.94
3.17
2.08
3.23
3.23
12.5
2.08
0.37
0.37
0.74
0.37
6.25
0.18
33.33
25
2.44
2.44
3.74
0.18
0.18
1.29
1.84
0.37
0.55
0.18
0.18
0.18
0.74
0.55
0.37
0.18
0.18
0.55
12.5
12.5
0.64
0.64
0.64
0.64
2.94
17.65
8.82
12.5
2.56
0
2.94
2.56
2.94
2.94
2.56
1.96
0.98
0.98
10.26
0.98
0.98
2.56
33.33
33.33
0
2.56
50
5.13
25
25
25
4.17
2.7
2.44
6.45
2.56
8.82
2.94
2.56
1.41
1.41
4.23
1.43
1.43
1.43
1.41
0.98
0.98
0.98
1.96
10.81
2.7
1.41
1.41
1.41
1.41
2.82
5.41
4.76
8
0
0
50
0
50
0
33.33
7.14
0
0
33.33
7.14
0
25
33.33
33.33
0
25
3.57
0
71.43
3.57
14.29
0.17
0
0
0
3.23
0
1.51
12.5
0
0
5.68
1.14
20
4.55
6.25
0
50
50
0
27.78
0
66.67
33.33
11.11
25
0.37
0.18
0.37
0.74
0.37
1.84
0.37
0.18
0.18
0.18
0.74
0.18
1.47
0.18
0.55
0.18
1.1
0.18
0.18
1.29
0.37
0.18
0.37
2.94
0.18
0.37
0.18
0.18
0.74
0.18
0.18
0.18
14.29
0.18
0.55
0.18
14.29
50
0.18
14.29
0.18
0.55
0.74
0.74
14.29
12.5
0
0
60
4.76
4
0.74
4
6.25
4
9.38
4
6.25
12.5
0.74
0.37
0.18
0.37
0.55
0.55
66.67
0
1.67
6.67
13.33
1.67
1.67
2.86
1.43
2.86
1.43
1.79
1.79
1.79
1.79
0.18
0.18
0.18
0.37
27.27
0.18
0.18
0.18
0.37
0.18
5.88
92.86
80
25
1.67
20
1.67
5
31.03
0
1.67
0.65
1.67
0
8
22.73
5.56
2.96
0.74
0.74
0.74
1.48
2.22
0.74
11.11
3.7
50
0.74
0.74
1.55
0.74
0.74
0.74
0.74
2.22
0.74
0.74
0
0.52
0.52
0.52
0.18
0.37
0.18
0.37
0.18
4.55
0.18
0.55
0.37
0.55
0.52
22.22
16.67
2.35
8.33
8.33
8.33
25
0.18
0.18
0.37
0.18
0.18
0.37
0.18
0.55
1.18
14.29
28.57
14.29
4
12
2
8
2
2
0.37
0.37
2.21
0
0.55
0.18
0.18
0.37
0.92
20
0.74
1.48
2.22
0.65
21.88
11.11
11.11
0.74
20
0.74
14.29
0.74
0.74
0.98
2.86
5.71
2.86
1.29
0.18
0.37
0.18
0.18
50
3.23
33.33
3.23
0.98
1.96
0.98
2.94
0.75
0.65
0.65
0.18
0.18
25
5.56
1.41
6.25
4.35
4.35
0.75
0.75
0.98
0.98
0.98
0.98
0.75
1.5
0.75
0.75
1.5
0.75
0.75
0.75
0.75
0.75
0.75
0.75
0.75
0.75
0.75
0.75
8.33
0
0
50
0
3.33
1.11
0.55
3.23
0
0.18
0.18
0.18
0.55
3.85
0.18
15.38
0
0.18
50
0.37
0.18
0.18
0.18
0.18
0.75
0.75
0.75
1.5
0.75
0.75
8.33
0.18
0.18
0
10
0.75
0.75
5.26
5.26
28.57
14.29
14.29
25
25
20
14.29
42.86
14.29
1.92
3.85
1.92
0
4.05
1.35
1.35
6.76
1.35
33.33
27.27
36.36
4.05
2.7
50
50
14.29
50
1.35
1.35
1.35
1.35
0
27.27
33.33
33.33
1.18
1.18
2.35
1.18
1.18
1.18
50
0
9.09
45.45
0
50
50
5.56
25
0
50
0.98
50
0.98
20
40
20
20
53.33
6.67
9.09
2.89
0.95
0.98
0.98
0
0
2.08
70.59
18.18
2.27
5.08
50
91.53
1.69
1.69
2.31
16.67
75
40
50
0.94
0.98
0.58
0.58
0.58
2.94
2.94
2.94
5.88
0.58
50
18.75
0.58
0
0
25
0.58
0.94
25
0.94
0.94
0
1.16
11.11
11.11
0
11.11
11.11
0.17
5.36
22.22
50
12.5
12.5
25
25
5.17
4.31
0.86
50
25
50
37.5
0.98
0.98
0.98
0.98
0.98
12.5
0.98
12.5
0.98
0.98
50
25
0.98
0.98
0.98
5.88
2.94
0
33.33
0.94
0.64
27.27
11.76
6.25
12.5
12.5
6.25
6.25
18.75
0.78
1.55
0
0.75
0.75
0.75
0.75
0.75
0.75
0.75
0.75
0.75
0.75
0.75
0.75
0.75
0.75
0
5.56
5.56
11.11
33.33
14.29
1.79
7.14
28.57
8.33
50
25
7.14
0
13.89
42.86
25
0
33.33
66.67
50
0
0
10
6.25
1.89
10
0.94
0.94
0.94
9.09
4.55
0.94
0.94
0.94
0.94
2.78
2.27
0.94
0.94
5.56
2.08
2.08
2.08
0
6.25
0.68
4.76
0
33.33
33.33
17.07
4.88
0
10.87
2.17
8.7
4.35
2.17
0
2.17
2.17
2.17
2.17
2.17
0
2.17
2.17
2.17
2.17
2.17
2.17
2.17
4.35
2.17
0.74
0.74
0.74
2.17
2.22
0.74
0.74
0.74
0
16.78
2.17
2.17
2.17
2.17
2.17
0
2.17
2.17
0
0
2.17
2.17
2.17
1.85
3.7
37.5
6.15
3.08
50
2.86
0.77
1.99
17.65
5.88
5.88
5.88
9.09
27.27
9.09
2.11
18.18
9.09
9.09
9.09
1.15
5.88
0
0
50
5.56
40
9.26
3.7
7.69
1.28
0.64
0.64
0.64
1.28
0.64
0.64
0.64
3.21
3.7
3.7
1.85
3.7
1.85
3.7
1.85
50
50
0
21.43
3.45
3.7
7.69
25
25
8.33
5.41
9.26
8.11
6.25
25
25
1.85
50
50
1.85
1.85
1.85
1.85
18.52
0
20
20
20
40
0
9.09
0.65
66.67
16.67
87.5
2.38
20
40
75
0.74
0.74
0.74
0.74
0.74
0.74
0.74
0.74
2.94
25
2.94
2.94
2.94
2.94
2.94
2.94
2.94
50
50
2.15
66.67
33.33
0
33.33
33.33
8.33
8.33
0
0.33
0
0.99
0
66.67
13.04
30.43
13.04
40
15
5
7.69
7.69
15.38
2.94
50
7.69
7.69
7.69
0
0
20
25
0
16.67
16.67
10
0
12.2
7.32
4.88
2.44
0
75
9.76
25
7.32
2.44
2.44
2.44
0
1.85
50
13.33
6.67
6.67
2.33
2.78
5.56
33.33
0
13.64
0.33
2.27
8.33
20
40
20
20
8.33
16.67
8.33
20
5.88
20
12.5
12.5
8.33
0
14.29
20
0
0
25
42.86
7.14
0
2.7
0
0
7.69
0
40
20
2.86
6.9
3.45
2.86
3.45
10.34
3.45
3.45
4.26
8.57
8.57
12.5
2.86
50
83.33
33.33
1.2
1.2
16.67
4.35
10.91
11.11
22.22
0
0
33.33
6.67
75
1.02
6.67
0
0
0
40
20
9.09
0
50
0
0
50
50
2.13
1.03
0
33.33
0
84.62
5
10
0
0.94
0.94
0.94
36.36
4.55
4.55
22.73
4.55
17.39
0
2.08
2.08
0
25
50
50
50
50
0
5.13
0.74
50
25
25
0
0
33.33
50
13.04
8.7
4.35
17.39
4.35
17.39
33.33
33.33
0.68
0.66
0.33
5.88
21.74
8.7
0.68
2.56
1.36
0.68
25
12.5
37.5
22.86
2.86
17.14
1.43
20
1.54
14.29
28.57
16.67
16.67
50
5.56
5.56
1.43
5.56
22.22
0
0
15.38
90.91
27.03
21.62
0.8
50
0.8
1.43
1.54
0
0
1.85
1.85
1.85
1.85
14.29
7.09
5.67
0.71
0.71
31.58
15.79
11.11
21.43
10.53
5.26
6.06
1.54
1.54
0.51
5
90
1.03
0.51
0.51
0.51
4.62
33.33
5.26
5.26
10.53
3.23
13.33
0
0.51
8.11
4.35
5.13
0.51
0.51
0
20.41
0
0.51
1.03
0.51
0
2.13
33.33
37.5
1.96
3.92
1.96
5.88
1.18
0
8.24
1.18
1.18
1.18
66.67
3.03
0.51
7.14
0.51
3.03
0.51
3.03
3.03
6.67
3.03
20
3.03
6.06
3.03
3.03
3.03
20
40
50
57.14
25
50
0.86
0.51
9.09
3.85
7.14
3.85
3.85
3.85
50
51.16
13.95
11.63
2.33
4.65
6.98
2.33
4.65
2.33
50
33.33
0
65
0
33.33
0
16.67
11.76
0
14.29
83.33
1.82
18.18
3.64
1.82
1.82
3.64
5.45
1.82
25
25
33.33
2.01
1.34
1.34
0.67
0.67
20
80
1.33
20
12.5
33.33
12.5
16.67
25
50
57.14
14.29
0
0
0
4.42
5.31
2.65
2.44
2.65
1.77
0.88
6.19
3.54
5.56
0
11.11
20
40
33.33
33.33
0
1.69
0
0
11.11
1.33
2.56
0
22.22
0
11.11
12.5
0
0
4.17
5.56
11.11
66.67
25
9.52
5.56
0
0
16.67
40
33.33
11.11
11.11
33.33
11.11
11.11
5
50
77.78
45.24
9.52
3.85
3.85
8.33
3.85
11.54
3.85
3.85
3.85
11.54
55.56
37.5
50
1.06
1.06
5.88
5.88
5.88
0
6.67
25
12.5
12.5
12.5
13.33
6.67
0
0
0
25
12.5
16.67
33.33
20
0
0.83
10.24
0
2.78
12.5
5
25
25
25
5
5
5
5
5
5
5
3.23
3.23
2.15
1.08
1.08
42.11
25
25
25
0
5.26
15.79
5.26
10.53
0
1.28
0
33.33
0
33.33
9.09
15.15
10.53
5.26
15.79
14.29
0
50
6.06
28.57
0
28.57
14.29
0
0
14.29
0
16.67
1.52
16.67
16.67
50
50
23.81
57.14
10.26
0
2.56
0
4.17
4.17
4.17
25.53
6.38
4.26
25
7.69
0.74
0.74
0.74
7.69
50
84.62
3.33
6.67
75
1.89
33.33
66.67
1.64
0
14.29
42.86
50
50
50
0
3.33
3.33
3.33
3.33
6.67
10
3.33
3.33
3.33
10
3.33
3.33
3.33
3.33
50
0
0
0
50
50
4
50
1.14
3.85
3.85
8.33
3.85
7.69
3.85
3.85
0
22.22
11.11
50
25
25
12.5
12.5
37.5
25
20
71.43
50
7.14
3.77
0
50
0
50
0.88
0.88
66.67
33.33
37.21
9.3
20.93
5.26
5.56
2.33
5.26
16.67
16.67
50
50
20
20
20
40
75
3.85
3.85
3.85
15.38
3.85
7.69
3.85
14.29
14.29
16.67
5.56
44.44
5.56
5.56
50
25
12.5
0
4.17
4.17
0
50
25
16.67
2.56
2.56
2.56
5.13
0.58
2.56
2.56
2.56
2.56
2.56
5.13
5.13
2.56
2.56
5.13
0
2.56
2.56
2.56
2.56
50
4.44
50
2.22
25
4
25
45.83
12.5
0
50
5.75
3.45
50
1.68
0.84
33.33
33.33
0
66.67
33.33
4.88
2.44
2.44
2.44
2.44
14.29
2.44
4.76
2.44
25
6.25
6.25
12
2
4
2
2
2
0
2.56
12.5
6.25
1.06
1.55
0
13.33
33.33
6.67
11.11
10
11.11
11.11
2.07
37.5
4.88
0
25
3.03
12.5
0
0
0
15.38
84.62
44.44
11.11
8.33
91.67
5.26
5.26
7.14
14.29
10
30
2.63
10.53
10
2.63
2.63
2.63
10
5.26
2.63
1.8
2.63
0.6
16.67
0.6
0.6
16.67
0.6
1.8
0.6
0.6
10.78
0.6
12.5
0.6
0.6
12.5
1.2
33.33
0
5.99
0
0
75
0
0
0.6
1.43
0.6
1.2
50
0.6
0.6
1.2
5.99
1.8
27.78
0.6
0.6
0.6
0.6
0.6
0.6
0.6
0
0.6
50
0.6
0
0.6
0.6
0.6
1.8
0.6
25
4
4
9.09
0.6
18.18
1.2
22.22
0.6
0.6
0.6
0.6
77.78
11.11
11.11
0.5
25
21.05
5.26
41.67
0
0
0
0.35
5.88
14.29
14.29
28.57
42.86
1.51
2.08
2.08
4.17
2.08
4.17
50
4.17
2.08
2.08
4.17
5
5
15
0
0
0
50
0
8.33
57.14
50
7.69
14.29
28.57
1.03
0
50
0
0
0
0
0
0
0
20
15.38
75
12.5
12.5
5.88
39.13
0
0
12.5
50
0
0
12.5
0
12.5
25
50
12.5
40
20
20
4.55
50
8.33
8.33
8.33
14.29
50
0.17
33.33
11.11
33.33
0.17
40
16.67
16.67
33.33
31.58
33.33
0
0
7.69
5.26
26.32
7.69
10.53
15.38
15.38
15.38
7.69
14.29
14.29
14.29
0.17
0.17
3.33
3.33
8.33
8.33
16.67
0.35
0.17
8.33
0
20
0
1.92
10.91
3.85
3.85
5.48
9.59
19.18
3.85
20
20
40
20
33.33
1.92
1.92
7.69
2.86
1.92
1.92
1.92
9.52
16.67
7.69
0
14.29
57.14
52.63
38.46
53.85
10.53
5.26
10.53
66.67
33.33
0
0
33.33
30.77
0
0
56.52
0.73
4.35
1.47
1.72
0
50
50
11.54
15.38
50
0
7.14
0.88
11.11
94.74
11.11
7.69
3.85
7.69
0
0
80
4.55
9.09
13.64
4.55
4.55
0
4.55
41.94
3.23
3.23
0
0
9.09
58.33
9.09
22.73
25
25
25
3.57
7.14
7.14
3.57
5.56
5.56
5.56
5.56
16.67
5.56
5.56
5.56
8.33
5.56
5.56
9.68
3.23
3.23
9.68
12.9
3.23
3.23
6.45
5.56
5.56
5.56
5.56
5.56
0
50
16.67
16.67
16.67
1.77
0.88
1.77
2.78
2.74
12.5
12.5
12.5
9.59
2.78
2.78
12.5
12.5
5.56
3.85
3.85
3.85
1.11
6.85
3.85
3.85
3.85
7.69
3.85
3.85
1.11
3.85
1.11
2.74
1.11
2.22
1.37
2.74
1.11
1.11
5.48
3.85
1.37
3.85
1.37
1.11
1.11
1.37
1.11
1.11
1.11
1.11
1.11
2.22
50
1.11
6.38
1.11
2.13
1.11
1.37
2.74
1.37
1.37
2.13
16.67
33.33
1.37
33.33
16.67
41.67
1.37
5.56
4.17
1.37
1.37
1.37
1.37
14.29
5.26
5.26
15.79
5.26
5.56
5.56
5.26
50
25
75
25
25
50
1.54
11.11
22.22
4.55
18.18
4.55
4.55
50
16.67
50
0.64
33.33
33.33
1.11
1.11
1.11
1.11
1.11
2.22
2.22
66.67
8.33
8.33
5.36
14.29
85.71
0
33.33
33.33
1.12
11.11
0
33.33
33.33
66.67
0
33.33
5.56
5.56
0
11.11
44.44
47.06
28.57
5.88
23.53
11.54
7.69
62.5
12.5
0.64
71.43
7.14
7.14
33.33
50
50
25
2.7
25
6.25
12.5
5.88
11.76
0
1.27
0
50
50
2.97
0
24.75
50
50
20
40
7.92
25.74
6.25
20
12.5
33.33
60
20
6.25
20
12.5
5
5.56
10
45
5
1.04
10
5
5
5
5
2.17
5
5
5
12.87
5.94
0
0
0.99
3.96
0
12.87
38.46
7.69
15.38
15.38
7.69
6.25
91.67
7.69
8.33
12.5
33.33
33.33
0
25
8.33
25
0
0
0
0.98
0.17
25
25
2.56
38.46
2.56
2.56
50
37.5
62.5
33.33
66.67
0
0
0
7.14
0
0
0
7.69
12.5
0
0.37
0.19
0.19
0.19
0.19
0.19
0.19
0.37
8.33
16.67
0
0.19
0.19
0.19
0.19
0.19
0.77
0.19
0.39
0.39
59.57
0.39
0.37
0.39
1.54
0.19
0.39
0.37
0.77
0.39
0.19
0.19
0.39
0.19
0.37
0.39
0.39
0.39
25
12.5
66.67
33.33
0.39
0.39
10
5.32
1.06
1.16
24.47
2.13
0.39
0
0
3.86
1.16
0.39
1.54
0
0
7.45
3.23
12.5
0
0
0
0
44.44
44.44
0
20
8.33
11.11
75
50
25
3.57
33.33
66.67
0
40
60
3.85
0.19
0.19
0.19
0.19
0.83
0.19
8.33
8.33
0.19
8.33
8.33
11.11
8.33
11.11
3.7
0
0.19
0.19
0.19
0.19
0.19
0.19
0.19
50
10
0.19
0.19
10
10
10
10
0
21.05
25
7.69
3.85
10.53
5.26
42.11
5.26
5.26
5.26
5
0
4.44
0
25
50
25
0
80
20
57.14
14.29
28.57
50
50
7.69
2.56
5.13
2.56
2.56
2.56
0
2.56
2.56
3.85
0
0
0
0
3.33
40
10
5
10
5
80
20
40
20
0
0.83
19.35
29.03
0
3.23
0
3.23
66.67
3.31
33.33
6.45
11.11
3.23
75
2.22
23.53
0
0.9
3.45
14.29
0
0
0
0
15.38
7.69
69.23
7.69
50
1.67
0
23.08
7.69
23.08
7.69
7.69
0
25
50
25
20
50
0
4.55
16.67
0
5.56
33.33
10.34
5.88
30
10
57.14
14.29
26.53
1.06
0
3.03
20
12.5
12.5
6.25
5.88
20
1.03
0
4.76
0.37
5.41
20
0.19
0.74
0
0
50
50
50
5
8.33
66.67
8.33
12.5
66.67
33.33
25
0.87
5.88
29.41
5.88
16.67
0
0
15
5
5
20
5
20
10
0
10
10
10
10
10
20
5
0
0
33.33
14.29
5.88
5.88
5.88
33.33
15.79
10.53
5.26
10.53
10
0
0.87
1.82
0
16.67
16.67
0.67
16.67
16.67
0.87
6.25
0.87
45
5
30
15
33.33
33.33
33.33
60
20
20
20
7.69
7.69
7.69
15.38
50
7.69
5.56
5.56
27.78
5.56
6.25
5.56
6.25
1.35
5.56
5.56
1.35
5.56
1.35
5.56
5.56
5.56
5.56
50
50
0
0
75
28.57
11.86
14.29
40
20
0
0
14.29
33.33
33.33
7.69
20
20
0.53
1.15
20
4.6
0
85.71
0.74
0
0
2.7
0.74
1.35
0.18
0.74
18.18
9.09
9.09
0.18
50
66.67
1.82
0
3.64
0
20
20
14.29
14.29
20
11.11
11.11
11.11
11.11
9.09
50
0
20
0
0
42.86
71.43
40
6.67
4.17
6.67
20
6.67
0
6.67
11.11
30
11.11
50
50
33.33
11.11
0
11.11
0
50
0
33.33
0
80
0
2.27
6.67
6.67
0
0
1.37
1.37
2.74
10.96
4.11
11.11
1.37
22.22
10
23.29
27.4
28.77
0
2.27
0
2.27
4.55
0
25
0
0.19
0.19
0.19
0.37
7.14
1.3
33.33
0
26.67
6.67
16.67
6.67
3.33
3.33
3.33
3.33
3.33
26.67
0
0
33.33
33.33
33.33
0.19
22.22
11.11
50
1.67
25
5
1.67
6.25
12.5
33.33
66.67
8.33
8.33
20
40
50
10
50
3.03
33.33
11.11
0
25
25
25
25
20
20
60
0
0
2.27
9.09
2.27
2.27
4.55
34.09
2.27
6.82
6.82
2.27
2.27
4.55
2.27
2.27
15.91
0
0.16
0.16
0.31
0.31
0.47
2.5
0
0
12.5
37.5
50
16.67
16.67
16.67
33.33
33.33
0
0
40
0.77
20
1.67
33.33
25
25
25
20
20
40
0.93
0.31
7.14
0.31
7.14
0.16
0.31
2.33
0.16
20
0.16
0.16
33.33
33.33
33.33
0
0
90
33.33
33.33
33.33
25
25
25
25
0.16
83.33
16.67
0.16
16.67
50
50
16.67
16.67
33.33
0
5.56
5.56
27.78
5.56
5.56
11.11
5.56
5.56
5.56
5.56
11.11
33.33
66.67
3.37
3.03
3.03
2.78
50
50
0.58
31.25
0.18
0.18
0.58
1.16
1.16
0.18
0.18
0.18
0.55
81.25
12.5
0
33.33
66.67
33.33
0
20
20
18.75
0
6.25
12.5
50
0
15.79
5.26
0
5.26
15.79
5.26
1.45
2.5
1.45
26.09
10.53
1.45
4.35
10.53
5
2.9
1.45
18
1.45
33.33
33.33
0
75
1.59
3.17
1.59
1.59
1.59
1.59
1.59
3.17
1.59
1.59
3.17
1.45
25
7.49
25
1.59
1.59
3.17
1.59
1.59
1.59
1.59
1.59
0
1.59
14.49
23.19
77.78
11.11
8.7
1.59
5.56
1.59
2.9
2.9
1.59
3.28
5.8
33.33
33.33
66.67
33.33
33.33
33.33
25
1.96
3.92
11.76
1.96
1.96
50
50
1.96
3.92
1.96
1.45
1.45
1.96
1.96
3.92
1.96
7.84
1.96
1.96
1.96
1.96
0
3.92
3.7
3.92
5.88
1.96
1.96
1.96
1.92
3.85
1.96
9.62
1.92
1.96
4.12
14.29
14.29
3
50
0.37
0.18
0.18
0.18
0.18
13.46
3.85
3.85
5.77
1.92
1.92
4.76
2.27
3.85
0
2.25
1.12
0
0.18
0.18
0.18
0.18
0.18
0.18
0.92
0.74
0.18
0.18
0.18
0.18
0.18
0.18
0.37
0.18
0
0
0
1.67
1.67
3.33
1.67
1.67
1.67
1.67
1.92
1.92
3.85
1.92
7.69
2.27
33.33
50
50
0
33.33
2.82
1.41
1.92
1.41
66.67
33.33
50
1.41
1.41
4.23
2.82
20
40
0
0
1.41
5.63
1.41
1.41
1.41
2.82
1.41
1.41
1.41
2.82
1.41
1.41
1.41
1.41
1.41
0.67
0.67
0.67
1.34
66.67
33.33
50
33.33
5.56
4.55
9.09
9.09
0.67
0
9.09
0
9.09
4.7
9.09
9.09
0
25
25
15.38
0.67
0.67
25
0.67
0.67
0.67
0.67
16.67
0.67
16.67
16.67
3.36
2.01
1.34
0.67
0.67
66.67
0.67
0
0.67
0.67
0.67
0.67
0.67
0.67
0.67
0.67
0.67
2.08
1.89
0.55
0.18
0.37
0.18
0.18
50
8.33
0
1.67
1.67
0
0.18
0.55
0.18
0
0.8
1.6
4.8
0
0
0.67
9.09
9.09
9.09
9.09
0.46
9.09
1.39
0.46
0.46
9.52
0.93
0.46
0
0
0
8.33
50
6.67
6.67
20
1.22
0.56
25
0
0
20
13.04
1.22
4.35
11.11
16.67
0
6.25
4.35
4.35
0.74
6.67
6.67
13.33
6.67
1.47
1.47
2.21
6.67
0.74
0.74
0.74
20
2.44
10
10
10
10
22.22
11.11
0.74
50
0
16.67
16.67
16.67
16.67
16.67
25
25
25
0
50
50
2.21
1.3
2.6
5.19
1.3
2.6
3.9
1.3
1.3
0.74
1.3
1.3
1.3
2.6
5.6
1.6
0.8
0.8
0.8
0.8
0.8
1.6
0.8
0.8
0.8
1.6
0.8
0.8
1.3
0.31
0.8
0.8
1.6
20
0.18
0.55
0.37
1.3
0.55
1.3
1.3
1.3
1.3
1.3
1.3
1.3
1.3
1.3
0
2.6
2.6
1.3
1.3
11.11
1.3
0
9.09
25
20
0.18
0.18
0.18
1.47
0.74
0.74
0.74
0.74
0.74
0.74
0.74
0.74
1.47
0.74
8.33
8.33
0
0.18
0.37
0.18
0.18
6.67
6.67
75
3.85
3.85
0.55
7.69
6.98
2.86
2.86
0.37
0.37
5
5
10
1.84
0
0.37
33.33
0.37
25
25
25
5
22.5
27.5
2.5
2.5
2.5
2.5
2.44
0.18
0
4.88
7.69
14.29
3.85
3.85
3.85
0.8
2.4
20
0.8
0.8
7.69
3.85
0.37
4.55
11.11
0.37
4.17
50
17.78
75
25
83.33
25
4.55
2.44
4.55
0
66.67
0.37
0.37
2.22
50
0
2.96
2.22
2.22
0.74
0.74
0
5
7.14
2.86
7.14
7.14
5.71
0.37
20
20
1.6
0.92
0.8
3.64
0.45
2.75
0.92
0.45
1.35
11.11
5.13
0
3.85
0.92
0.45
1.28
0.92
5.71
2.75
2.86
1.28
1.28
1.28
0.92
11.11
0.92
0.92
2.86
50
0.92
50
0.92
0.92
0.92
0.8
0.8
0.8
0.8
0.18
0.18
0.18
0.18
0.37
0.8
0.8
0.37
0.8
2
0.8
0.8
7.14
7.14
25
25
0
12.5
25
0.92
8.7
4.35
4.35
0.92
8.7
16.67
4.88
0.92
4.35
4.35
11.11
0
50
16.67
16.67
0
50
20
20
20
50
6.25
0
0.18
0.18
0.18
50
11.11
11.11
11.11
0
25
0.74
1.47
2.21
0.74
0.74
0.74
0.37
5.88
2.94
5.88
12
63.64
20
4.17
0.74
0.31
0.74
0.74
0.74
0.74
0
0.74
1.47
0.74
0.74
0.74
0.74
4.17
4.17
0.74
0.74
2.94
2.94
2.94
2.94
0.74
0.74
0.74
0.74
0.74
2.94
0
0
0
10
4.55
10
10
10
10
50
50
0.74
0.74
0.74
0.74
0.74
0.74
0.74
0.74
0.74
0.74
0.74
0.74
0.74
14.29
0.74
0.74
0.74
0.74
50
0.74
0.74
0.74
0.74
0.74
4
22.22
1.53
11.11
4.58
9.09
2.63
2.63
1.52
20
40
0.18
75
4.35
10.34
33.33
9.09
23.64
66.67
1.82
3.64
6.25
7.27
1.82
3.13
3.13
28.57
3.13
4.17
4.17
1.47
25
8.33
30
14.29
10
0
8.97
44.87
16.67
33.33
1.28
2.21
0
8.97
10.26
3.85
2.56
33.33
4.17
0
5
5
5
0
5
5
5
5
5
5
20
5
8.33
0
20
4.55
5
11.11
10.53
5.26
5.26
1.53
0
20
20
33.33
0
5.26
5.26
11.11
5.26
5.26
4.17
5.26
4.76
1.82
5.56
16.67
0.61
2.13
18.75
6.25
55.56
44.44
11.11
18.75
50
40
1.47
8.09
8.82
91.67
8.33
0
55.56
11.11
11.11
12.5
25
6.25
6.25
6.25
3.13
25
3.13
6.25
0.18
2.94
3.13
0.8
0.8
0.8
0.8
14.29
14.29
14.29
14.29
14.29
0.74
0
33.33
0
50
1.42
50
22.22
22.22
7.09
0.71
11.11
0.71
11.11
11.11
11.11
19.15
0.71
8.33
8.33
8.33
8.33
8.33
8.33
8.33
8.33
1.22
1.22
1.22
10
0
0
0
4.17
5.56
4.26
1.42
5.56
5.56
2.13
5.56
5.56
2.44
10
2.22
0
15.56
0.74
0.74
62.5
2.22
0
0.71
0
33.33
33.33
4.17
3.23
5.26
5.26
67.74
66.67
50
38.46
7.69
1.82
0.71
3.7
7.41
1.85
25
5
0
1.85
1.85
5.56
50
1.85
1.85
10.53
15.79
5.26
5.26
5.56
3.23
0
66.67
1.82
5.56
43.59
0
4.17
12.12
2.56
3.03
0
0
0
1.82
0
13.33
25
10
0.94
0.18
1.67
16.67
5.13
25
25
2.13
4.26
4.26
4.26
4.26
2.13
2.13
10.64
6.38
19.15
17.02
4.26
2.13
14.29
14.29
33.33
0.18
2.7
2.7
0
2.7
2.7
2.7
66.67
6.67
0
4.72
14.29
35.71
1.82
0
50
3.7
25.93
3.7
3.7
3.7
3.7
14.81
3.7
14.29
2.13
2.13
2.13
2.13
6.38
14.29
16.67
2.13
2.13
0
33.33
4.26
6.38
33.33
84.62
7.69
2.13
0
0
33.33
7.69
33.33
42.86
25
2.19
14.29
45.99
16.67
33.33
16.67
0
50
0
5.26
1.18
1.18
7.3
37.5
0.73
37.5
0
8.33
2.08
7.69
1.59
7.69
0.18
0.18
2.94
2.13
2.13
10
2.13
0
0
2.13
0.18
2.13
1.85
20.37
16.67
33.33
0
33.33
66.67
27.27
9.09
36.36
25
25
12.5
12.5
12.5
12.5
12.5
12.5
25
0
12.7
52.38
1.59
0.6
0.18
0.18
0.18
7.41
1.85
0.18
1.85
3.57
1.79
0
2.56
0
0
0
14.29
6.35
7.94
6.35
33.33
3.17
0
2.13
0
2.13
2.13
0
1.85
1.85
20
1.85
0
20
0
29.03
6.45
3.23
6.12
2.04
3.23
3.23
3.23
10.2
3.23
21.43
21.43
0
83.33
16.67
10
25
2.04
4.08
14.29
1.85
1.85
7.14
28.57
7.14
7.14
33.33
33.33
33.33
28.57
14.29
28.57
1.72
3.45
50
11.11
3.23
3.23
1.42
13.79
3.23
1.72
25
25
25
5.71
2.86
3.7
8.57
5.56
0
2.86
0.42
0
33.33
50
16.67
2.56
1.72
1.72
1.72
6.76
1.35
1.35
1.35
1.35
1.35
1.35
0.8
0
0
5.1
4.08
2.56
20
2.04
25
25
25
1.02
2
10
10
20
3.33
12.5
0.32
0
50
12.5
2.56
2.56
2.56
33.33
50
33.33
16.67
33.33
2.04
33.33
66.67
50
0
4
25
6.25
25
25
16.67
16.67
33.33
16.67
16.67
0.19
16.67
1.02
0.76
12
8
25
4
25
20
0
0
50
33.33
0
50
25
25
1.02
1.02
14.29
0
0.8
10
0
10
0.8
0.8
0.8
0.8
42.11
0
1.6
0.8
0.8
0.8
0.8
0.8
1.35
1.35
33.33
0
4
20
0
0.74
1.1
0.74
0
50
50
0
42.86
14.29
0.76
0.76
12.5
0.76
0.76
12.5
0.76
0
62.5
0.76
12.5
0
0.37
0.74
0.37
0.37
77.78
0.37
0.37
0.99
0.37
1.47
0
2.21
4.04
0.99
3.94
0
3.85
3.85
33.33
33.33
33.33
0
9.09
9.09
2.29
9.09
55.56
2.57
6.67
31.11
2.22
5.15
75
0
40
20
0
12.5
0.76
50
20
1.53
10
10
10
10
92.86
16.67
16.67
50
20
0.19
1.35
2.29
11.11
6.38
2.13
3.7
1.85
1.85
3.7
1.85
1.85
1.85
1.85
1.85
1.85
1.85
40
37.5
12.5
7.14
7.14
50
2.04
33.33
4.08
33.33
0
0
25
12.5
16.67
4.35
13.04
4.35
50
0
0
0
12.5
10.53
5.26
5.26
0
33.33
66.67
50
0
5.26
15.79
0
0
11.11
0
0
11.11
0.79
0
2.36
3.23
3.23
9.68
0
7.09
0
33.33
0
7.14
7.14
7.14
7.14
0.76
2.04
0
80
1.02
50
22.22
0
11.11
20
25
0
0
25
0
8.57
20
50
4.76
60
8.57
21.43
7.14
0
14.29
12.5
50
12.5
16.67
33.33
0
0
16.67
0
50
66.67
0
0
2.03
6.25
4.76
0.68
33.33
66.67
0
50
50
0
0
50
33.33
25
25
25
0.38
0.38
14.29
3.03
0
14.29
0
1.16
0
2.32
0
9.09
9.09
9.09
10.53
5.26
5.26
5.26
10.53
5.26
15.79
33.33
33.33
0
0
50
0
33.33
25.53
33.33
33.33
33.33
0
4.17
2.04
4.17
0.26
4.17
3.19
4.17
2.86
7.45
5.32
4.17
1.06
10
10
50
4.26
66.67
0.45
0.26
0
0
18.52
0
16.67
75
3.7
8.33
42.86
33.33
7.69
12.5
16.67
2.86
5.02
16.67
16.67
0.39
0
50
50
0
26.32
7.14
42.86
14.29
7.14
14.29
42.86
2.7
25
7.69
3.09
7.69
3.09
16.67
0.77
0.39
25
10
0.26
0.45
1.79
0.9
33.33
10
60
3.85
0
0
0
0.45
0.84
0.84
1.64
1.64
0
0
3.03
8.57
0.26
71.43
14.29
14.29
28.57
21.43
33.33
7.14
83.33
0
50
50
16.67
66.67
33.33
0
0
33.33
33.33
33.33
7.14
33.33
33.33
8.33
8.33
8.33
8.33
25
44.44
11.11
75
50
25
60
10
25
25
0
40
20
40
20
0
50
0
0
5.26
5.26
5.26
5.26
5.26
5.26
5.26
33.33
11.11
5.56
15.38
16.67
0.26
87.5
9.09
0
33.33
0
0
12.5
12.5
10
33.33
50
33.33
0
0
0
0
2.13
14.29
1.22
0
4.35
14.29
0
11.11
12.5
2.13
0
6.25
16.67
5
11.11
40.4
1.01
1.01
12.5
0
7.69
7.14
12.5
16.67
85.71
2.94
9.52
4.76
75
0
23.81
25
25
0
4.29
1.43
15.71
28.57
1.43
1.43
25
1.43
1.43
5.71
0
11.11
33.33
7.14
50
3.45
3.45
31.25
28.57
81.82
3.57
7.14
1.43
7.14
7.14
1.43
1.43
0.8
15.38
7.69
7.69
7.69
3.23
7.69
1.56
0
17.14
0
0
33.33
1.43
0
1.43
0.51
7.14
33.33
11.11
11.11
0
2.56
3.28
1.64
0
11.11
14.29
7.14
0
33.33
0
28.57
14.29
2.86
94.44
8.82
2.86
0
1.43
6.9
3.45
1.64
1.64
1.64
0
0
2.27
50
50
0
0
0
0
5.88
5.88
5.88
5.88
5.88
4.55
47.06
11.76
2.27
2.27
10
4.76
4.76
16.67
4.17
4.17
4.17
4.17
4.17
56.25
80
1.64
1.64
1.64
40
20
7.14
66.67
66.67
44.44
66.67
0
8.33
8.33
15
1.67
0
2.86
42.86
7.14
50
50
50
33.33
0
0
20
40
10
14.29
66.67
63.64
18.18
20
50
50
11.11
27.78
11.11
11.11
9.09
3.57
16.67
3.57
10.34
3.45
14.29
14.29
57.14
0
50
33.33
16.67
16.67
16.67
7.14
7.14
7.14
3.85
3.85
3.85
3.85
6.67
50
25
11.11
60
3.7
7.14
7.14
50
25
85.71
31.25
44.44
50
50
11.11
11.11
11.11
11.11
4.29
1.43
0
14.29
0
0
78.95
5.26
5.26
0
4.55
7.14
50
0
0
25
28.57
7.14
7.14
30
0
5.88
16.67
47.06
22.22
16.67
33.33
0
80
2.11
0
27.78
11.11
5.56
7.14
14.29
7.14
7.14
50
14.29
14.29
4.76
8.33
8.33
4.76
4.21
33.33
91.67
25
13.68
0.18
33.33
0
8.33
33.33
0
50
0
0
0
0
5.26
3.16
1.05
5.26
2.11
16.67
8.33
0
0
33.33
50
12.5
50
25
6.25
6.25
14.29
0
7.14
7.14
0.42
50
0
0.8
1.43
50
25
0
50
16.67
20
20
25
75
5.56
0
5.56
0
0
11.11
14.29
7.14
28.57
50
50
75
14.29
20
20
20
50
20
20
20
25
75
12.5
60
16.67
50
0
0
20
9.09
13.33
50
0
11.11
11.11
3.57
7.14
3.33
0
3.57
3.57
9.09
33.33
0
0
0
37.93
3.57
20
9.09
75
25
20
0.18
3.85
20
17.65
0
0
66.67
10
0
5.56
21.43
8.33
8.33
8.33
20
13.79
0
0
33.33
0
14.29
33.33
66.67
33.33
33.33
33.33
0
0
0
0
16.67
6.25
16.67
8.33
8.33
0
8.33
7.14
25
0
20
8.33
50
12.5
4.17
51.52
3.03
30.3
6.25
7.69
6.9
6.25
6.25
3.45
3.45
25
0
4.17
8.33
4.17
4.17
4.17
8.33
14.29
0
50
14.29
0
4.17
8.33
40
8.7
4.17
4.17
4.17
4.17
4.17
7.69
7.69
3.13
16.67
8.33
2.08
2.08
2.08
9.38
2.08
6.25
4.17
29.17
4.17
10
0
50
0
0
5.56
0
10
16.67
50
0
28.57
50
7.14
80
14.29
2.78
1.72
33.33
33.33
0
0
11.11
11.11
11.11
0
0
0
25
2.08
14.58
4.17
2.08
2.08
2.08
40
20
10
10
3.03
1.59
1.59
0
6.06
0
3.03
0
16.67
1.82
30.77
15.38
23.08
50
8.33
0
18.18
5
5
0
0
5
50
1.49
0
0
3.23
1.43
5.88
2.08
2.08
2.08
4.55
2.27
50
13.33
40
6.67
6.67
1.67
33.33
33.33
3.64
0
1.67
1.67
6.25
3.03
33.33
25
4.17
5.13
5.26
4.29
2.56
2.56
2.56
2.56
5.13
2.56
5.13
2.56
7.69
2.56
1.67
2.22
0.74
0.74
3.33
0.74
16.67
0.74
8.33
1.82
1.67
2.56
25
75
25
1.11
1.11
33.33
33.33
6.25
1.11
0.74
0
2.13
2.13
2.13
1.15
0
42.86
1.41
12.5
25
12.5
50
0
0
0
7.14
50
0
50
33.33
28.57
16.67
16.67
25
4.55
3.57
50
50
50
50
0
50
9.09
9.09
9.09
1.25
1.25
2.5
1.25
1.25
4.35
1.25
1.25
1.25
1.25
1.25
25
25
50
1.25
1.25
4.35
1.25
1.25
1.25
0.78
0.78
50
0.78
0
2.13
20
5.88
90.91
0
25
50
50
20
14.29
71.43
14.29
14.29
14.29
66.67
50
2.94
50
50
50
20
33.33
66.67
80
20
0
0.78
0.78
0.78
0.78
0.78
12.5
8.82
2.94
2.94
0.78
0.78
3.13
3.13
6.25
25
0
0
14.29
14.29
14.29
0
0
0
10
50
33.33
10
0
0
0
66.67
33.33
25
75
7.14
0
0
2.94
2.94
5.56
62.5
12.5
20
25
12.5
0
0
0.64
33.33
0
2.86
4.35
4.35
1.69
42.86
14.29
16.67
16.67
16.67
33.33
20
0
33.33
3.7
20
20
4.65
1.16
1.16
25
0
7.14
16.67
50
0
66.67
1.15
1.15
16.67
16.67
16.67
3.33
13.33
6.67
5.56
10.17
3.7
2.86
16.67
10
10
1.16
1.16
3.85
50
50
9.09
33.33
33.33
0
0
0
0
33.33
66.67
0
0
11.11
88.89
0
25
2.33
1.16
33.33
33.33
33.33
0
33.33
16.67
7.41
25
25
25
12.5
7.69
15.63
6.25
1.67
3.13
33.33
1.67
33.33
1.6
50
5.88
5.88
48.89
4.44
5.88
66.67
1.82
0
50
50
10
3.33
3.19
1.06
1.06
7.69
7.69
23.08
7.69
7.69
7.69
0
33.33
10
12.22
7.41
7.69
7.69
15.38
7.69
7.69
7.69
5.88
7.69
11.11
33.33
2.13
45.45
1.06
1.06
1.06
1.06
1.06
2.13
1.06
1.06
11.11
11.11
11.11
25
6.67
0
12.5
50
11.11
16.67
7.69
0
4.44
2.22
1.11
6.67
0
9.52
4.76
4.76
4.76
14.29
4.76
33.33
4.76
4.76
0
36.36
20
25
8.33
75.68
9.09
5.41
37.5
8.11
2.7
50
11.11
0
16.67
25
30
20
30
50
7.69
11.76
5.88
11.76
11.11
28.57
14.29
0
7.69
7.69
0
7.69
12.5
50
6.67
0.66
24.32
6.67
6.67
6.67
2.7
6.67
8.11
6.67
50
50
66.67
50
50
6.67
40
20
20
75
37.5
12.5
0.66
50
50
66.67
33.33
6.67
6.06
3.03
2.7
2.86
0
25
50
10
10
3.45
0
1.43
0
6.9
0
3.45
3.45
3.45
5.41
20
6.67
3.45
6.9
0
2.44
4.88
50
33.33
33.33
20
0
0
66.67
4.17
20
0
0
0
19.35
0
15.79
60
0
0
2.22
2.86
14.29
2.94
1.72
8.33
0
0
0
0
3.45
3.7
3.45
3.45
0
0
0
0
16.67
16.67
50
0
25
3.03
3.03
3.45
20
42.86
0
0
0
0
0
2.08
0
3.45
1.96
0
0
0
0
0
0
33.33
20
60
0
7.41
7.69
50
25
0
20
20
5
5
20
0.83
0
0.83
35.71
7.14
16.67
50
16.67
1.65
2.7
1.19
5.95
0
1.19
1.19
10
2.27
0.67
0
0.88
1.77
0.88
1.77
1.77
1.77
0.88
0.88
0
0.88
25
1.77
4.42
0.88
5.88
0.88
0.88
0.46
1.39
0.26
0.46
0.46
0.46
60
1.77
0.88
0.77
0.77
4.03
0.77
0.77
1.54
0.19
0.56
0.67
1.28
0.64
3.36
0.64
4.7
1.34
0.77
0.67
4.62
0.67
3.85
1.16
4.92
5.88
0.67
1.34
0.67
1.34
2.01
5.88
10
11.76
0.67
0.67
0.67
0.67
0.16
12.5
50
0.67
2.01
1.82
0.45
0.45
4.17
66.67
13.33
0.67
0.67
0.67
0.67
0.67
3.36
9.09
0.26
0
11.11
33.33
33.33
27.27
0.67
0.67
0.67
0.67
0.67
0.67
0.64
7.27
1.92
9.09
1.82
0.67
0.67
2.01
6.41
0.67
0.64
0.67
1.34
0.67
0
9.09
8
0
77.78
11.11
22.22
0.88
7.96
0.67
1.92
0.88
0.67
0.67
0.67
0.67
0.67
0.67
5.77
3.21
0.67
0.67
0.67
0.67
2.01
1.34
0.67
0.67
0.67
0.67
1.59
1.59
0.67
1.59
1.59
1.59
0.64
1.92
0.64
0.64
1.59
2.65
0.88
3.17
0.64
0.77
0.77
0.88
1.59
1.28
1.59
1.59
0.77
1.59
1.54
0.77
0.77
0.88
1.92
11.11
0.67
1.59
3.17
1.59
1.59
1.59
1.59
1.59
1.59
1.59
80
25
75
33.33
83.33
0.67
2.13
1.06
20
40
1.48
1.48
0.74
1.48
0.74
0.67
0.64
0.64
1.77
1.77
0.77
0.88
0.88
1.54
0.67
0.64
1.77
0.67
1.92
0.88
0.88
0.88
0.64
0.88
0.64
0.77
0.64
75
8.33
0.64
0.88
0.77
0.88
50
2.27
4.23
50
50
2.82
0
30
3.85
25
6.25
2.82
2.82
3.85
12.5
6.25
3.85
3.85
25
1.41
6.25
0.95
3.85
2
1.41
3.85
0.77
7.69
0.77
12.5
6.25
6.25
25
1.82
3.64
1.41
4.88
0
16.67
14.29
42.86
2.38
85.71
0
25
0.64
25
76.92
60
2.27
15.38
23.08
7.69
7.69
10
0
3.45
2.38
0.64
7.14
0.77
6.25
3.85
3.85
6.25
25
1.28
0
40
2.27
7.14
4.55
2.38
0.64
2.38
50
22.22
0
16.67
0
50
0
25
3.85
12.5
20
0
1.82
50
1.82
1.82
1.82
1.82
1.82
50
25
75
0
20
1.82
5.45
3.64
1.82
0
11.11
75
25
40
20
20
20
50
7.14
2.27
15
5
0.64
7.14
8.33
0
8.33
25
8.33
8.33
8.33
50
0
31.58
10.53
15.79
5.26
5.26
5.26
62.5
4.55
2.27
10
0.64
7.14
7.14
7.14
1.18
25
25
7.14
5
7.14
7.14
7.14
66.67
16.67
16.67
5.26
5.26
5.26
5.26
20
58.82
20.69
13.79
3.45
6.9
10.34
3.45
5.88
5.88
13.33
6.67
6.67
6.67
4.17
3.45
3.45
0
0
66.67
33.33
33.33
5
14.29
42.86
14.29
14.29
14.29
11.76
2.44
5.88
5.88
5.88
2.44
5.88
5.88
5.88
5.88
0.26
8.33
2.86
2.86
2.86
8.57
11.43
5.71
0.79
0.79
0.79
2.86
5.71
27.1
10
33.33
0.93
0
50
50
11.43
8.33
0
0
0
0
50
4.17
40
85.71
50
50
20
14.29
0
66.67
50
66.67
33.33
66.67
80
5
0
10
33.33
33.33
5
0
0
0
0.67
1.95
1.3
1.95
25
25
12.5
0.65
12.5
3.23
5.15
33.33
11.11
11.11
33.33
3.68
1.84
0
2.21
50
0
2.86
14.29
85.71
3.68
0
10
0
2.78
50
5.56
5.88
0
16.67
5.88
7.69
7.69
15.38
7.69
7.69
7.69
23.08
7.69
7.69
7.69
33.33
0
7.69
25
25
0.37
0.37
2.21
25
0
5.26
5.26
10.53
15.79
0.45
0.45
0.37
0.74
5.26
21.05
5.26
5.26
0.74
5.26
5.26
0
0.37
7.14
16.67
5.26
10.53
